2022 9 1 0 0 29.1645 37.2234 137.381 10.2 6 1422 744 6
2022 9 1 0 4 14.5576 36.4484 136.172 8.8 6 827 127 4
2022 9 1 0 4 25.4454 37.065 137.523 9.9 5 412 70 5
2022 9 1 0 7 52.6988 36.4287 136.235 13.4 8 4896 1586 4
2022 9 1 0 7 52.6989 36.4765 136.143 0.5 5 2238 224 5
2022 9 1 0 13 31.6065 37.1387 137.513 13.3 6 738 262 5
2022 9 1 0 15 54.9124 37.0932 137.612 15.7 5 800 382 5
2022 9 1 0 16 52.0716 37.0981 137.652 7.8 5 5853 476 5
2022 9 1 0 20 34.6927 37.0973 137.627 7.3 7 1274 598 6
2022 9 1 0 22 14.932 36.3859 136.196 9.2 5 391 81 5
2022 9 1 0 22 15.0371 36.3711 136.196 9.8 10 1885 500 6
2022 9 1 0 23 54.2903 37.0892 137.658 10 7 612 271 6
2022 9 1 3 8 17.2471 35.9536 134.598 24.3 5 1408 40 4
2022 9 1 3 36 43.3337 35.7627 135.476 25 9 913 482 7
2022 9 1 6 56 47.8523 43.844 135.816 5.1 5 308 73 4
2022 9 1 7 30 15.193 43.8812 136.004 5.8 6 2175 738 2
2022 9 1 7 43 26.1725 44.233 136.303 11.5 5 120 37 4
2022 9 1 7 48 52.8502 45.3717 137.484 13.6 7 14900 5336 4
2022 9 1 8 5 15.0071 45.2015 137.054 10.7 5 809 473 4
2022 9 1 8 23 20.2526 44.4693 136.949 28.9 6 249 70 5
2022 9 1 8 28 9.01151 36.5622 135.9 6.2 5 715 70 3
2022 9 1 8 28 40.771 45.0884 137.317 23 5 190 47 4
2022 9 1 8 28 40.8122 45.0655 137.326 24.8 5 129 22 4
2022 9 1 8 42 15.2904 45.4522 137.504 18.3 5 394 136 4
2022 9 1 8 42 15.3643 45.4246 137.467 25.8 5 154 46 4
2022 9 1 8 44 52.7967 45.4303 137.552 8.4 5 7520 3903 4
2022 9 1 8 48 58.5721 44.5648 137.223 27.3 7 309 110 5
2022 9 1 8 50 19.3407 45.5999 137.772 5.3 6 1207 230 4
2022 9 1 8 51 52.3091 44.9795 137.239 5.5 7 6406 1033 2
2022 9 1 8 53 56.3183 45.4794 137.69 1.8 5 3570 1862 4
2022 9 1 8 53 56.3184 45.5351 137.946 12.5 5 7232 1370 3
2022 9 1 8 55 20.8651 45.5811 137.606 15.1 11 7394 2069 6
2022 9 1 8 58 35.5278 45.5489 137.663 8.8 6 141 16 5
2022 9 1 9 6 38.9738 45.6632 137.769 2.4 5 2287 189 3
2022 9 1 9 9 42.0649 45.6674 137.649 10.7 6 593 369 5
2022 9 1 9 12 41.4087 45.3174 137.679 19.3 5 419 160 4
2022 9 1 9 13 0.663415 45.6862 137.761 14.2 11 9970 4853 6
2022 9 1 9 13 5.98136 45.1093 137.579 19.4 5 115 27 4
2022 9 1 9 13 46.2647 45.4029 137.66 4.2 7 1805 472 4
2022 9 1 9 13 46.3523 45.3668 137.673 19.3 9 1845 945 5
2022 9 1 9 14 29.3313 45.6841 137.75 12.1 13 18684 8433 6
2022 9 1 9 16 24.3753 45.0425 137.761 28.7 5 136 50 5
2022 9 1 9 17 13.0867 45.1862 137.475 3.4 6 1750 259 4
2022 9 1 9 17 41.6385 45.4163 137.669 3.7 7 1435 536 4
2022 9 1 9 21 2.87809 45.7926 137.938 4.4 6 755 144 5
2022 9 1 9 22 15.153 44.7533 137.532 16.2 5 156 43 4
2022 9 1 9 22 23.3139 45.6875 137.862 20.7 5 336 122 4
2022 9 1 9 22 23.8006 45.766 137.822 14.1 7 442 186 6
2022 9 1 9 24 19.7928 44.7938 137.553 16.9 6 499 246 4
2022 9 1 9 25 10.3344 45.3587 137.762 11.4 6 296 138 5
2022 9 1 9 25 47.609 45.1792 137.687 20.4 7 624 365 4
2022 9 1 9 26 34.2453 45.7306 137.892 11.8 7 180 80 6
2022 9 1 9 26 55.3974 45.2075 137.676 10.6 7 911 327 5
2022 9 1 9 26 55.4702 45.1944 137.759 22.6 5 187 74 4
2022 9 1 9 28 10.6798 45.2719 137.916 28.7 5 393 219 5
2022 9 1 9 29 14.4395 44.8094 137.613 13.2 5 418 160 4
2022 9 1 9 29 32.6009 45.505 137.833 24.2 5 265 105 4
2022 9 1 9 29 32.7478 45.5442 137.774 18.9 5 212 98 4
2022 9 1 9 29 32.7935 45.5296 137.812 18.2 5 689 397 4
2022 9 1 9 30 1.64555 45.3545 137.802 17.5 5 321 110 4
2022 9 1 9 30 34.0876 45.2 137.786 9.8 7 2493 1822 6
2022 9 1 9 31 33.2565 45.8076 137.917 6.4 9 3072 358 4
2022 9 1 9 33 45.7208 45.2905 137.903 8.1 5 1160 353 4
2022 9 1 9 35 30.3644 45.3597 137.889 14.7 5 363 133 4
2022 9 1 9 37 51.5596 45.7786 138.061 12.4 6 1973 344 5
2022 9 1 9 38 32.848 45.806 138.069 14.4 5 296 125 4
2022 9 1 9 38 33.9499 45.3781 137.917 17 5 129 45 4
2022 9 1 9 39 15.9524 45.4029 137.876 9 9 3906 3582 5
2022 9 1 9 39 56.9892 44.8185 137.767 16 5 404 187 4
2022 9 1 9 40 2.06426 45.8676 138.009 15.4 6 285 165 5
2022 9 1 9 41 55.0258 45.8498 137.91 7.1 6 6097 395 4
2022 9 1 9 43 38.0638 44.9803 138.083 8 5 701 412 4
2022 9 1 9 45 46.8884 45.9199 138.108 5.7 5 478 0 1
2022 9 1 9 45 46.8884 45.9272 138.225 14.4 7 4358 2473 4
2022 9 1 9 46 26.6833 45.3167 138.256 8 5 783 186 5
2022 9 1 9 46 26.8972 45.2454 137.977 7.6 6 2629 301 4
2022 9 1 9 46 26.9013 45.2656 138.114 2.2 5 1147 241 4
2022 9 1 9 47 9.41449 45.8468 138.126 10.4 5 274 130 4
2022 9 1 9 47 31.5941 45.9098 137.885 7.6 5 1380 0 1
2022 9 1 9 47 34.8825 45.2732 138.189 7.9 5 333 180 4
2022 9 1 9 47 57.7415 45.9335 138.513 20 10 7291 3878 4
2022 9 1 9 48 5.78209 45.8441 138.116 5.3 6 1785 125 5
2022 9 1 9 48 49.5141 45.8651 138.014 5.4 5 1729 175 3
2022 9 1 9 49 1.41229 45.1687 137.893 14.8 6 756 54 5
2022 9 1 9 49 39.5124 45.8684 138.151 8.8 7 1137 109 5
2022 9 1 9 50 0.52354 45.8439 138.131 18.9 7 151 64 6
2022 9 1 9 50 35.3841 45.4057 137.984 7.2 8 2373 804 4
2022 9 1 9 53 49.0346 45.3759 138.256 5.9 5 531 239 5
2022 9 1 9 54 22.0051 45.0381 138.186 10.6 9 4812 893 5
2022 9 1 9 56 44.8448 45.3228 138.2 10.4 8 2342 1997 6
2022 9 1 9 57 49.5865 45.3028 138.184 16.2 5 608 456 2
2022 9 1 9 57 56.2931 45.9406 138.081 5.1 6 4884 240 4
2022 9 1 10 0 6.97346 45.3455 138.237 4.6 5 201 63 4
2022 9 1 10 1 47.8594 45.4827 138.219 14.7 6 683 241 4
2022 9 1 10 2 24.0003 45.5295 138.155 17 6 1739 138 3
2022 9 1 10 2 52.609 45.7145 138.38 6 6 33205 4088 3
2022 9 1 10 5 3.6547 45.7276 138.529 9.1 5 383 113 4
2022 9 1 10 5 54.9292 45.7058 138.543 6.8 6 950 220 5
2022 9 1 10 6 22.6399 45.1162 138.295 19.3 9 4379 4056 3
2022 9 1 10 6 22.7631 45.127 138.298 8.9 6 3021 1126 5
2022 9 1 10 8 27.3 45.0889 138.304 16.5 5 726 166 3
2022 9 1 10 8 58.6786 45.1382 138.248 11.6 6 1378 469 3
2022 9 1 10 9 49.803 45.3351 138.167 22.4 5 0 0 0
2022 9 1 10 9 49.803 45.294 138.307 5.6 6 14674 12317 5
2022 9 1 10 9 49.886 45.3511 138.355 10.8 7 940 797 2
2022 9 1 10 9 49.9901 45.38 138.329 10.7 5 2328 72 4
2022 9 1 10 10 40.0884 45.0982 138.313 3.2 5 726 293 4
2022 9 1 10 14 23.3574 45.8342 138.561 18.4 10 35504 24063 6
2022 9 1 10 15 5.34362 45.3855 138.319 23.6 6 1620 600 4
2022 9 1 10 15 5.92992 45.5915 138.308 12.2 9 15046 8427 6
2022 9 1 10 19 1.02283 46.0701 138.603 5.8 5 869 217 3
2022 9 1 10 19 28.6693 46.0343 138.164 4.1 7 3215 92 3
2022 9 1 10 22 14.3404 45.9436 138.603 15.7 12 104562 82096 7
2022 9 1 10 22 15.1323 46.0333 138.396 1.5 5 614 234 4
2022 9 1 10 22 48.6557 45.4527 138.298 12.5 6 12400 3748 4
2022 9 1 10 23 24.1043 45.3094 138.345 8.2 6 1155 604 4
2022 9 1 10 24 15.3869 46.1035 138.244 13.9 5 0 0 0
2022 9 1 10 24 15.387 45.9003 138.662 4.9 6 9129 6026 5
2022 9 1 10 25 21.3457 45.231 138.436 12.5 6 1656 450 4
2022 9 1 10 25 21.8608 45.5243 138.328 14.7 5 21993 6045 4
2022 9 1 10 25 59.3862 45.5813 138.422 19.8 7 2761 2243 3
2022 9 1 10 25 59.449 45.5775 138.313 11 6 3617 863 3
2022 9 1 10 25 59.5015 45.5598 138.508 14.7 6 8573 0 1
2022 9 1 10 26 50.5895 45.9809 138.655 8.8 6 53125 52747 3
2022 9 1 10 27 18.4729 45.6869 138.404 24.9 6 509 0 1
2022 9 1 10 28 47.3261 45.4052 138.301 6.7 5 2806 204 3
2022 9 1 10 29 21.8671 45.9625 138.904 21.2 5 22096 132 2
2022 9 1 10 29 40.7464 45.4845 138.352 23.2 8 991 280 4
2022 9 1 10 32 33.6128 45.7841 138.463 7 5 4562 289 3
2022 9 1 10 34 20.5777 44.7018 138.322 4.1 5 940 262 4
2022 9 1 10 35 20.2698 46.0641 138.794 4.6 5 0 0 0
2022 9 1 10 36 10.5554 46.118 138.494 4.4 5 1809 102 3
2022 9 1 10 36 23.0962 45.4471 138.413 14.6 8 2972 1622 4
2022 9 1 10 40 2.22858 46.2362 138.798 14 7 843 181 4
2022 9 1 10 40 16.1807 46.1557 138.212 7.3 6 11341 19 3
2022 9 1 10 40 26.8698 45.5864 138.521 10 6 732 538 2
2022 9 1 10 41 31.8636 45.841 138.547 8.4 6 4520 1712 4
2022 9 1 10 41 31.8832 45.8449 138.514 4.9 5 1778 61 3
2022 9 1 10 42 37.3527 45.4155 138.631 5.6 5 5081 2486 5
2022 9 1 10 42 56.2807 45.4877 138.54 16.2 6 1668 982 4
2022 9 1 10 42 57.1468 46.0793 138.79 19.1 6 11231 2572 2
2022 9 1 10 43 1.50889 45.5847 138.26 5.4 5 13135 963 3
2022 9 1 10 44 2.34811 45.2222 138.606 5.8 5 1408 435 4
2022 9 1 10 44 44.194 44.7197 138.358 9.7 7 1643 735 4
2022 9 1 10 45 19.2638 45.7989 138.597 4.9 5 7198 6194 5
2022 9 1 10 46 19.0237 46.0772 138.74 18.5 6 7210 3384 4
2022 9 1 10 47 32.8762 45.319 138.589 21.1 8 36186 28522 4
2022 9 1 10 50 6.39044 45.7494 138.74 5.5 5 9141 4374 4
2022 9 1 10 52 45.4203 45.8181 138.664 13.7 6 6808 2598 4
2022 9 1 10 53 17.4649 45.6653 138.82 16.2 8 6968 1800 4
2022 9 1 10 53 27.3472 45.6595 138.841 4.7 5 1200 319 4
2022 9 1 10 54 3.88491 44.7385 138.551 15.2 5 0 0 0
2022 9 1 10 54 32.6373 45.5393 138.671 17.3 7 3220 1981 3
2022 9 1 10 55 4.21365 44.9551 138.756 5.2 5 2965 521 3
2022 9 1 10 55 8.18824 46.2054 138.931 14.7 7 8034 5370 6
2022 9 1 10 56 37.7386 45.8043 138.705 12.4 7 20745 16271 6
2022 9 1 10 56 37.7846 45.844 138.696 18.5 5 1790 1586 2
2022 9 1 10 59 8.16496 45.1002 138.891 9.5 6 4085 2190 4
2022 9 1 11 0 31.1536 46.2984 138.948 10.5 5 1379 1126 2
2022 9 1 11 2 47.0249 45.429 138.646 11.9 7 1657 614 4
2022 9 1 11 5 53.8373 45.7582 138.53 6.5 5 5926 1016 3
2022 9 1 11 8 52.0462 46.3482 138.928 19.2 7 8636 6269 4
2022 9 1 11 9 41.9453 46.3428 138.941 18.9 8 7935 7610 5
2022 9 1 11 11 18.2706 46.3668 139.082 6.8 5 6740 3246 5
2022 9 1 11 11 18.3413 46.3597 139.044 21.2 5 3038 952 3
2022 9 1 11 12 47.1256 46.347 138.994 14.7 6 14613 9838 6
2022 9 1 11 13 10.9332 45.9049 138.92 17.6 7 3341 2969 2
2022 9 1 11 13 10.9332 45.9301 138.936 4.1 5 13658 4076 5
2022 9 1 11 13 51.0848 45.2013 138.941 4.9 5 978 303 4
2022 9 1 11 14 10.5255 46.4523 139.058 4.5 5 2036 594 4
2022 9 1 11 14 38.344 46.3991 139.005 13.2 7 7223 4056 5
2022 9 1 11 15 10.0232 46.3312 138.829 7.8 5 2310 119 3
2022 9 1 11 21 51.9596 46.2103 139 14 8 20446 16133 6
2022 9 1 11 21 52.05 46.3465 139.167 23.4 7 568 182 5
2022 9 1 11 22 0.713217 36.4493 134.299 26.1 5 4008 2531 5
2022 9 1 11 23 48.7693 46.2355 139.02 11.5 10 30797 20667 6
2022 9 1 11 23 49.4857 45.6358 139.092 6.2 5 834 184 4
2022 9 1 11 24 25.483 45.0959 138.998 17.1 7 2064 661 4
2022 9 1 11 24 43.7419 46.4277 139.125 22 7 8450 6265 5
2022 9 1 11 24 43.7945 46.498 139.182 11.1 6 1800 840 4
2022 9 1 11 25 21.6057 46.5248 139.153 4.3 5 5832 1656 4
2022 9 1 11 25 40.0133 36.792 132.714 14.2 5 4098 707 2
2022 9 1 11 27 53.9254 46.54 139.206 12.3 6 3590 3330 5
2022 9 1 11 28 14.4291 36.0656 133.344 21.3 5 1053 28 3
2022 9 1 11 28 43.6488 46.5342 139.184 19.3 5 1983 1704 3
2022 9 1 11 29 27.8224 46.5076 138.843 5.7 5 3207 123 3
2022 9 1 11 30 16.6648 46.5712 139.161 4 6 2408 667 3
2022 9 1 11 30 36.4908 45.6246 138.971 18.9 6 5004 0 1
2022 9 1 11 30 37.7787 46.568 139.222 4.8 5 2668 1416 4
2022 9 1 11 31 17.3193 46.5059 139.127 25.3 7 1345 507 4
2022 9 1 11 31 43.8883 46.5976 139.232 3.7 5 2268 517 4
2022 9 1 11 31 55.4881 45.6827 139.133 6.4 6 5874 2093 4
2022 9 1 11 32 34.6277 46.631 139.274 7.9 5 924 363 4
2022 9 1 11 32 54.0173 46.4213 139.36 3.5 5 3603 2508 5
2022 9 1 11 32 54.1587 46.4798 139.363 18.5 6 2573 1788 3
2022 9 1 11 34 12.2263 46.4803 139.019 9.5 6 11336 526 3
2022 9 1 11 35 48.9856 45.8967 139.058 5.5 5 2092 414 3
2022 9 1 11 36 43.6784 46.6252 139.062 13.8 6 3826 88 3
2022 9 1 11 37 21.813 46.5815 139.208 6.4 5 24163 14086 3
2022 9 1 11 37 21.8726 46.5745 139.214 17.3 7 1639 490 4
2022 9 1 11 37 44.9711 46.4971 139.244 9.1 5 1312 485 4
2022 9 1 11 39 5.53606 46.0419 139.294 8.8 5 1017 495 4
2022 9 1 11 39 21.9102 46.096 139.155 14.2 10 46368 26565 8
2022 9 1 11 40 7.17481 46.0969 139.21 2.1 5 1256 252 4
2022 9 1 11 40 19.0785 46.5436 139.464 4.4 5 903 204 4
2022 9 1 11 40 19.755 46.6416 139.265 5.8 7 7630 707 3
2022 9 1 11 40 54.694 46.563 139.318 7.8 5 887 262 4
2022 9 1 11 41 26.1665 46.2823 139.201 15.4 8 21195 10447 7
2022 9 1 11 41 49.865 45.6063 139.191 4.6 5 741 312 4
2022 9 1 11 42 47.8711 45.9672 139.339 10.6 5 0 0 0
2022 9 1 11 42 47.9787 46.0711 138.82 4.5 5 4064 289 3
2022 9 1 11 43 14.4228 46.4196 138.984 4.5 5 1224 42 3
2022 9 1 11 43 33.7223 46.5546 139.379 3.4 5 27469 5738 3
2022 9 1 11 43 33.7708 46.5409 139.346 15.5 7 3591 1852 5
2022 9 1 11 43 46.8642 46.3972 139.037 6.3 6 17886 12340 5
2022 9 1 11 46 25.7713 46.5953 139.012 9.8 5 1721 287 3
2022 9 1 11 47 21.7152 46.6164 139.449 20.4 7 2535 1299 4
2022 9 1 11 48 2.68735 46.6047 139.44 6.2 5 5667 1177 4
2022 9 1 11 48 29.9787 46.6354 139.231 8.1 5 1507 81 4
2022 9 1 11 51 3.08078 40.2938 137.563 29.8 5 812 266 5
2022 9 1 11 52 54.2718 46.3885 139.26 11.3 6 7288 2678 4
2022 9 1 11 54 6.06794 37.3251 133.296 14.6 5 3739 1219 4
2022 9 1 11 54 18.6953 46.6957 138.819 8.4 5 6775 789 3
2022 9 1 11 54 19.0265 46.6892 139.398 7.9 6 2725 628 4
2022 9 1 11 54 19.1231 46.6238 139.289 25.4 6 1375 1156 2
2022 9 1 11 54 41.2613 46.3939 139.273 5.2 5 335 80 4
2022 9 1 11 55 30.7947 45.9709 139.21 17.8 7 3132 0 1
2022 9 1 11 56 58.1827 46.7136 139.539 21.2 5 1542 1268 2
2022 9 1 11 56 58.2253 46.8077 139.655 8.8 5 2289 687 5
2022 9 1 11 57 27.0118 46.7053 139.407 5.6 5 2137 216 4
2022 9 1 11 57 46.7828 46.2015 139.22 5.4 5 4695 140 3
2022 9 1 11 58 35.319 45.6491 139.17 20.6 8 2217 0 1
2022 9 1 11 58 43.6596 46.7501 139.293 6.1 6 11857 5638 5
2022 9 1 11 59 3.799 46.5618 138.775 14.2 6 2900 420 3
2022 9 1 11 59 58.3886 46.482 139.254 11 7 6786 193 4
2022 9 1 12 0 44.2823 45.4479 139.784 15.7 7 3574 0 1
2022 9 1 12 1 35.8587 45.5563 139.708 7.6 5 23104 0 1
2022 9 1 12 1 45.2311 46.3695 139.37 10.8 6 18850 18597 5
2022 9 1 12 1 45.7443 46.4141 138.81 5.8 5 2776 47 3
2022 9 1 12 1 48.7531 46.7037 138.931 11.7 6 1339 62 3
2022 9 1 12 2 25.3772 46.7897 139.535 16.8 6 13256 4894 2
2022 9 1 12 3 3.52968 46.5672 139.361 22.6 7 28544 28240 5
2022 9 1 12 3 3.55255 46.479 138.863 4.7 5 965 130 3
2022 9 1 12 3 48.1164 45.8612 139.185 4.5 6 2990 256 3
2022 9 1 12 3 54.5836 46.6418 139.5 4.3 5 6991 3938 4
2022 9 1 12 4 25.0197 46.4266 138.875 20.2 5 14069 0 1
2022 9 1 12 6 59.8817 46.5161 139.443 3.6 5 1234 353 4
2022 9 1 12 8 36.8201 46.7541 139.251 8.3 5 6133 107 3
2022 9 1 12 8 41.4996 46.5898 139.429 29.6 5 0 0 0
2022 9 1 12 8 41.4996 46.6019 139.433 3.5 5 12174 2561 4
2022 9 1 12 9 4.87561 46.887 139.055 12.3 5 975 25 3
2022 9 1 12 9 9.62025 46.7626 139.406 18.9 5 1184 993 2
2022 9 1 12 9 29.1452 45.9458 139.333 22.5 8 7698 1788 4
2022 9 1 12 9 55.425 45.8108 139.776 12.5 7 4320 2308 5
2022 9 1 12 10 17.6855 46.7612 138.803 12.9 5 1775 50 3
2022 9 1 12 11 34.4899 46.188 139.706 21.5 10 18634 7312 6
2022 9 1 12 11 42.7987 45.6224 140.012 4.9 5 767 290 5
2022 9 1 12 13 8.86532 46.5717 139.465 21.5 6 1793 639 4
2022 9 1 12 14 9.53001 46.1739 139.739 6.7 6 7282 3158 4
2022 9 1 12 14 44.0864 36.7638 132.783 15.3 5 5750 348 2
2022 9 1 12 17 54.349 46.8305 139.56 8.8 5 1237 154 5
2022 9 1 12 18 11.2091 45.5374 139.806 16.9 9 14999 3835 6
2022 9 1 12 18 11.7219 45.6082 139.867 29.9 8 2384 472 4
2022 9 1 12 19 5.79079 45.4226 139.783 20.7 6 1956 585 4
2022 9 1 12 20 22.3518 46.5585 139.472 25.1 7 1036 923 3
2022 9 1 12 20 24.3894 45.6568 139.442 14.4 5 1995 321 3
2022 9 1 12 22 59.5473 46.1711 139.686 15.5 8 11710 3620 3
2022 9 1 12 24 15.2713 46.8918 139.695 22.9 7 1558 342 4
2022 9 1 12 25 54.3971 46.9347 139.68 18.4 7 1539 318 4
2022 9 1 12 26 14.2361 46.5024 139.491 15.5 6 5303 540 4
2022 9 1 12 27 20.4712 46.9078 139.671 11.9 6 6916 725 4
2022 9 1 12 28 7.48121 46.1636 139.822 19.6 10 18104 2001 6
2022 9 1 12 28 9.28529 46.43 139.741 18.8 7 2448 898 5
2022 9 1 12 28 57.84 48.4287 140.247 11.8 8 5071 641 6
2022 9 1 12 29 54.7841 45.6969 139.588 8 5 1815 346 4
2022 9 1 12 30 38.2618 46.9389 139.176 12.5 5 962 63 3
2022 9 1 12 31 47.3308 46.2381 139.88 4.3 6 5399 1977 6
2022 9 1 12 32 38.7442 45.5844 139.786 6.8 5 1562 74 3
2022 9 1 12 32 51.9772 46.7355 139.746 5.7 6 756 355 6
2022 9 1 12 32 52.6052 46.9775 139.672 14.2 7 9267 3046 6
2022 9 1 12 32 52.6625 47.0027 139.372 6.8 5 0 0 0
2022 9 1 12 32 52.6626 47.0058 139.499 17.3 6 9740 0 1
2022 9 1 12 33 0.012881 45.9852 139.802 8.6 7 2907 653 4
2022 9 1 12 33 14.6486 45.5929 139.971 7.3 5 1744 304 5
2022 9 1 12 33 52.4549 47.0248 140.019 5.9 5 7124 652 4
2022 9 1 12 34 37.0362 47.0452 139.715 7 6 4847 1270 4
2022 9 1 12 35 19.9003 46.9675 139.822 22.2 6 1904 294 4
2022 9 1 12 35 23.5139 45.8228 140.348 9.4 5 869 19 4
2022 9 1 12 37 34.7595 45.7852 139.973 4.9 5 770 422 4
2022 9 1 12 40 21.2745 45.4381 139.895 11.6 5 4239 673 5
2022 9 1 12 40 21.2745 45.5519 139.82 2.6 6 5330 1309 3
2022 9 1 12 40 55.64 47.078 139.882 9 6 80132 14631 4
2022 9 1 12 40 56.0874 47.2179 140.032 6.5 7 20664 1015 4
2022 9 1 12 44 15.1146 45.6054 139.954 20 9 1728 1418 3
2022 9 1 12 44 15.2034 45.5839 140.051 5.5 5 898 185 5
2022 9 1 12 44 23.0074 47.1802 139.606 5.4 6 23224 434 3
2022 9 1 12 46 10.947 45.8138 140.379 9.6 5 1098 185 4
2022 9 1 12 46 34.0523 45.8732 140.006 2.9 5 1474 228 4
2022 9 1 12 47 30.7109 48.4141 140.265 12.2 6 5913 1269 5
2022 9 1 12 47 48.5005 47.1333 139.814 9.5 5 3667 1954 5
2022 9 1 12 48 56.7958 45.4715 139.922 5.8 5 9664 1136 5
2022 9 1 12 48 58.4312 47.0679 139.731 5.2 5 1838 448 3
2022 9 1 12 50 45.3231 47.0752 139.827 12.5 10 9653 6238 8
2022 9 1 12 51 0.470872 45.6059 140.066 8.3 7 6315 2082 7
2022 9 1 12 51 35.8165 45.9281 140.122 9.5 5 572 120 5
2022 9 1 12 51 51.5118 45.9067 140.244 5.9 5 2462 316 4
2022 9 1 12 52 4.1506 46.1798 140.315 4.2 5 510 110 4
2022 9 1 12 52 10.487 45.4885 139.982 4.6 5 708 74 4
2022 9 1 12 52 36.9239 46.0479 140.491 7.5 6 1304 143 4
2022 9 1 12 53 4.63416 47.7057 140.349 20 6 8119 817 4
2022 9 1 12 53 14.8109 47.0861 140.034 4.1 6 839 78 5
2022 9 1 12 54 43.6059 47.64 140.377 10.5 6 30685 13698 6
2022 9 1 12 55 7.10544 45.602 140.1 14.3 6 574 124 5
2022 9 1 12 55 38.623 46.8321 139.825 20.8 6 9528 5637 3
2022 9 1 12 55 38.623 46.7181 139.975 4.5 5 6846 5211 5
2022 9 1 12 55 51.2298 46.1537 140.255 21 5 526 87 4
2022 9 1 12 55 51.2816 46.0958 140.184 10.3 6 1410 146 4
2022 9 1 12 56 33.4726 45.5879 140.244 8.4 5 483 72 4
2022 9 1 12 56 46.8497 45.8794 140.342 3.9 5 331 155 5
2022 9 1 12 56 47.1551 46.1238 140.143 6.7 9 13980 2322 6
2022 9 1 12 56 48.313 46.9957 140.117 17.3 10 10261 2391 6
2022 9 1 12 57 9.99473 47.3057 140.319 4.5 5 2038 157 4
2022 9 1 12 57 25.148 46.7867 139.992 10.2 5 983 164 4
2022 9 1 12 57 35.9053 46.7781 140.199 5.5 5 316 71 5
2022 9 1 12 57 36.5869 45.9938 140.168 10.4 6 1819 223 4
2022 9 1 12 57 44.4442 47.67 140.442 12.9 6 29236 16686 4
2022 9 1 12 58 3.21653 46.8191 140.219 6.6 6 3988 293 4
2022 9 1 12 58 3.25848 46.8754 140.481 10.2 5 2438 497 4
2022 9 1 12 58 44.3677 46.8063 140.041 12.3 10 14033 2989 4
2022 9 1 12 59 43.9637 47.7024 140.654 8.8 5 3427 320 4
2022 9 1 12 59 47.7733 46.1231 140.246 5.5 6 590 235 5
2022 9 1 12 59 49.3146 46.875 140.27 14.7 7 610 104 5
2022 9 1 13 0 9.93481 46.1732 140.291 10 6 433 83 5
2022 9 1 13 0 9.93801 46.1047 140.19 24.4 7 1409 370 5
2022 9 1 13 0 42.0894 46.941 140.176 4.6 5 473 90 5
2022 9 1 13 0 42.3289 46.9399 140.155 2.4 5 331 85 5
2022 9 1 13 0 55.5149 45.5898 140.206 9.4 5 689 101 4
2022 9 1 13 1 14.3878 45.9819 140.216 15.1 6 0 0 0
2022 9 1 13 1 36.4081 48.3263 140.226 8.6 9 7449 4334 9
2022 9 1 13 1 51.2087 46.6832 140.047 11.4 6 379 135 5
2022 9 1 13 1 51.4911 47.0818 139.863 19.1 8 4406 1520 4
2022 9 1 13 2 16.6056 46.8575 140.21 2.9 5 335 66 5
2022 9 1 13 2 16.7116 46.9324 140.208 4.7 5 1818 5 2
2022 9 1 13 2 55.4623 48.3391 140.225 17.6 10 13236 4450 7
2022 9 1 13 2 55.4795 48.3315 140.212 12.3 6 495 290 6
2022 9 1 13 3 44.1199 45.679 140.073 9 6 1779 645 6
2022 9 1 13 4 46.6069 46.9027 140.186 13.2 6 1023 304 5
2022 9 1 13 5 5.53828 46.2156 140.376 2.7 5 306 65 5
2022 9 1 13 5 21.2655 45.9258 140.292 3.1 5 3232 1404 5
2022 9 1 13 5 21.3673 45.9173 140.342 8 5 1808 140 5
2022 9 1 13 5 43.7707 47.0147 140.144 10.4 7 15309 2883 5
2022 9 1 13 5 43.8111 47.0444 140.201 17 5 1645 580 4
2022 9 1 13 5 43.8554 46.7667 139.409 6.3 5 2071 311 5
2022 9 1 13 5 47.0628 47.6084 140.462 3.9 5 1019 137 5
2022 9 1 13 6 29.8371 45.948 140.295 4.3 6 612 174 5
2022 9 1 13 6 31.2905 46.1382 140.222 7.3 5 3644 959 5
2022 9 1 13 6 31.3442 46.1461 140.338 2.4 5 463 85 5
2022 9 1 13 6 33.9931 45.6853 140.232 13.5 6 1585 556 5
2022 9 1 13 7 3.44733 45.9742 140.277 14.7 6 880 167 5
2022 9 1 13 7 3.68546 46.0236 140.315 14.9 7 3323 663 5
2022 9 1 13 7 3.93536 45.9094 140.325 2.3 5 329 86 5
2022 9 1 13 7 47.0082 46.3587 140.439 26.8 6 5129 360 3
2022 9 1 13 7 48.4059 48.4264 140.247 2.8 8 76458 37602 7
2022 9 1 13 7 48.4631 48.5081 140.819 9.2 5 1411 224 4
2022 9 1 13 8 11.0944 47.1772 140.047 3.1 5 440 22 5
2022 9 1 13 8 43.4784 45.5795 140.047 9.4 6 336 52 6
2022 9 1 13 9 28.9493 47.0582 140.441 15.8 5 1404 37 3
2022 9 1 13 9 29.0966 47.001 140.202 6.2 5 5032 185 5
2022 9 1 13 9 29.2722 47.2964 141.227 15.3 5 728 81 4
2022 9 1 13 9 51.8597 48.4133 140.22 3.9 5 43004 2315 3
2022 9 1 13 11 12.9861 45.9799 140.244 13.1 10 8888 2579 7
2022 9 1 13 11 38.5172 47.0695 140.228 15.2 12 5574 1377 6
2022 9 1 13 12 20.3729 45.9681 140.253 15.5 10 9305 9008 7
2022 9 1 13 12 20.4521 46.0533 140.381 16.3 6 927 217 5
2022 9 1 13 12 39.2027 45.8616 140.404 8.8 5 3610 869 5
2022 9 1 13 13 55.5046 46.613 141.554 13.2 5 1009 82 4
2022 9 1 13 13 55.5424 46.3128 140.498 4.5 5 1299 150 5
2022 9 1 13 13 55.6115 46.2645 140.463 10.8 5 510 34 5
2022 9 1 13 14 43.9016 46.2326 140.381 15.3 7 2019 1205 7
2022 9 1 13 14 43.9348 46.2321 140.466 3.4 5 470 79 5
2022 9 1 13 14 58.5149 47.7892 140.475 4 5 1142 180 5
2022 9 1 13 14 58.8808 47.8219 140.48 10.8 7 2215 499 5
2022 9 1 13 14 59.1068 47.9796 140.525 6.7 6 3942 1170 4
2022 9 1 13 15 0.39682 46.0176 140.24 10.3 6 2114 350 5
2022 9 1 13 16 44.005 46.1078 140.527 5 5 2261 65 3
2022 9 1 13 16 46.9075 47.8382 140.511 7.4 8 5099 2093 8
2022 9 1 13 17 14.6779 46.4282 140.543 4 5 620 144 4
2022 9 1 13 17 19.3778 47.0724 140.23 13.4 6 2143 612 5
2022 9 1 13 17 23.9648 45.814 140.191 17 5 98645 2856 2
2022 9 1 13 17 23.9883 45.906 140.299 6.3 6 1033 280 4
2022 9 1 13 17 24.0483 45.8304 140.31 13.5 8 623 74 6
2022 9 1 13 17 24.366 45.9034 140.236 8.9 6 451 92 4
2022 9 1 13 18 18.3191 45.3868 140.165 10 5 459 59 5
2022 9 1 13 20 39.6451 46.4273 140.552 3.5 5 1067 641 4
2022 9 1 13 20 39.6783 46.3085 140.488 3.4 5 562 282 5
2022 9 1 13 20 39.7698 46.3045 140.496 3.6 5 877 73 5
2022 9 1 13 20 48.1953 47.2644 140.103 7.7 5 9419 4798 5
2022 9 1 13 21 3.10057 46.3688 140.641 23.9 6 604 259 5
2022 9 1 13 23 24.9487 46.3326 140.421 12.7 9 5478 892 6
2022 9 1 13 23 57.0152 47.637 140.441 8.1 6 282005 68466 3
2022 9 1 13 23 57.0152 47.6379 140.351 22.7 7 257108 72489 6
2022 9 1 13 24 4.49091 45.8958 140.332 7.8 6 543 330 4
2022 9 1 13 24 12.5561 47.4232 140.143 11.5 6 5328 809 4
2022 9 1 13 25 24.324 45.8075 140.597 8 5 997 139 4
2022 9 1 13 26 5.48122 47.8833 140.494 22.5 10 41752 26510 9
2022 9 1 13 26 9.37046 47.6388 140.435 11.7 11 70066 33046 11
2022 9 1 13 27 22.9623 46.4775 140.805 3.8 5 3009 274 3
2022 9 1 13 28 8.16785 47.1424 140.484 4.5 5 949 189 4
2022 9 1 13 28 40.8968 47.6761 140.438 11.6 7 285044 120401 6
2022 9 1 13 30 0.439695 47.2735 140.45 6.7 5 5012 289 5
2022 9 1 13 30 0.539243 47.1351 140.411 2.9 5 1114 645 4
2022 9 1 13 30 55.9237 47.9125 140.503 4.1 5 3936 1747 4
2022 9 1 13 32 6.03673 47.8803 140.49 15.7 10 4037 3016 5
2022 9 1 13 32 6.64711 47.7794 140.635 12.3 5 2436 438 5
2022 9 1 13 32 9.68902 45.8837 140.648 6.2 5 3679 591 5
2022 9 1 13 32 43.2137 45.6983 140.405 10.2 7 1088 180 6
2022 9 1 13 32 57.0431 46.5475 140.883 2.8 5 1635 18 3
2022 9 1 13 33 41.0507 45.9655 140.338 11.1 7 3993 438 6
2022 9 1 13 33 41.1193 45.9233 140.364 3.1 5 2123 152 5
2022 9 1 13 34 41.3535 46.4639 140.605 8 5 931 82 5
2022 9 1 13 34 42.509 45.889 140.459 7.8 6 925 224 5
2022 9 1 13 36 2.64452 45.9691 140.557 9.4 6 4046 393 6
2022 9 1 13 39 42.296 47.8809 140.607 24.9 8 15997 5801 7
2022 9 1 13 39 44.8217 46.5339 140.526 17.9 7 12946 7378 4
2022 9 1 13 39 49.591 46.1217 140.634 11.6 8 1864 587 6
2022 9 1 13 40 17.0281 47.4383 140.435 15.1 8 4449 162 6
2022 9 1 13 40 42.2455 45.7886 140.245 7.8 5 6385 372 5
2022 9 1 13 40 51.209 46.4829 140.664 22.9 8 30776 14244 7
2022 9 1 13 41 3.28443 47.7398 140.571 3.6 5 1136 61 5
2022 9 1 13 41 50.8112 47.9316 140.532 12.2 7 2832 560 6
2022 9 1 13 42 17.4687 45.9131 140.625 8.6 5 1940 103 3
2022 9 1 13 42 21.7433 47.3173 140.524 8.4 5 5672 478 5
2022 9 1 13 42 36.8334 47.7556 140.538 11.1 6 954 204 5
2022 9 1 13 43 28.6548 47.9552 140.556 7.6 6 8220 520 5
2022 9 1 13 43 29.1658 47.8618 140.475 12.1 8 5294 1345 6
2022 9 1 13 43 29.1802 47.8175 140.48 9.4 5 1641 286 4
2022 9 1 13 43 58.0519 47.461 140.433 7.5 6 2648 557 6
2022 9 1 13 44 27.8562 46.4229 140.482 13.5 6 6311 1202 5
2022 9 1 13 45 24.6359 45.6807 140.509 6.6 5 1531 179 5
2022 9 1 13 45 25.2949 46.2183 141.07 11.3 7 2406 579 6
2022 9 1 13 45 25.7822 46.2467 140.91 8 5 4448 448 5
2022 9 1 13 45 25.8415 46.4287 141.498 5.9 5 687 38 5
2022 9 1 13 46 29.5209 45.9359 140.788 8.3 6 1869 321 6
2022 9 1 13 46 29.9181 46.037 140.53 8.1 5 1345 185 4
2022 9 1 13 46 30.212 46.4739 140.597 8.6 5 7493 2948 5
2022 9 1 13 47 41.2883 47.6261 140.512 7.8 5 1014 199 4
2022 9 1 13 47 44.1939 48.0435 140.552 7.9 6 12550 2938 6
2022 9 1 13 47 44.3014 48.9836 140.435 18.8 9 5556 2016 8
2022 9 1 13 48 16.99 47.4999 140.535 22.4 6 1644 312 6
2022 9 1 13 48 20.0737 45.9445 140.496 4.9 7 5110 565 5
2022 9 1 13 48 20.3821 46.0073 140.601 13.6 5 1378 242 5
2022 9 1 13 48 24.1072 46.5859 140.895 7.7 7 2522 487 4
2022 9 1 13 49 25.0331 47.571 140.481 5.5 5 912 401 4
2022 9 1 13 50 2.28099 45.7827 140.345 7.6 5 5242 1393 5
2022 9 1 13 50 45.4711 47.9881 140.641 4.1 6 1307 73 4
2022 9 1 13 51 54.0818 47.2481 140.589 13.3 6 4183 936 6
2022 9 1 13 51 58.4506 47.9957 140.597 7.2 5 3208 1160 5
2022 9 1 13 52 22.6264 46.5668 140.957 5 6 1263 626 6
2022 9 1 13 52 54.2366 47.9385 140.634 6.8 5 1663 688 5
2022 9 1 13 53 8.27959 47.3783 140.607 13.2 7 2874 903 6
2022 9 1 13 53 50.2548 45.693 140.559 7.8 5 6066 1059 5
2022 9 1 13 53 50.7301 46.0861 140.584 10.8 5 556 158 5
2022 9 1 13 56 1.4811 48.3527 140.514 18.9 8 3173 1481 5
2022 9 1 13 56 48.155 45.7817 140.546 3.5 5 1224 105 3
2022 9 1 13 56 52.107 46.9976 140.772 16.3 7 4863 182 5
2022 9 1 13 57 0.487157 46.7489 140.818 11.7 8 2346 330 5
2022 9 1 13 59 49.0192 47.0734 140.793 13.7 5 4858 1061 4
2022 9 1 14 0 20.4414 48.6878 140.416 24.7 10 13112 3687 8
2022 9 1 14 2 8.77894 48.6462 140.471 2.6 5 4377 976 5
2022 9 1 14 2 9.02195 47.8608 140.594 9.8 9 85985 34942 8
2022 9 1 14 2 22.2235 45.9506 140.691 15.5 9 17341 6727 8
2022 9 1 14 2 43.8506 47.5199 140.601 3.2 5 1585 155 5
2022 9 1 14 3 12.8994 46.2124 140.919 8.3 7 2705 356 6
2022 9 1 14 4 20.6042 45.7939 140.598 11.5 8 9022 4110 7
2022 9 1 14 4 20.635 45.8313 140.598 12 7 3045 872 6
2022 9 1 14 5 59.3089 46.1263 140.986 14.1 5 874 18 4
2022 9 1 14 6 6.75922 47.7213 140.618 8.4 7 6592 1784 7
2022 9 1 14 6 6.80767 47.677 140.596 13.5 5 969 374 5
2022 9 1 14 6 54.2562 46.6339 140.929 4 5 1924 435 4
2022 9 1 14 9 11.7993 47.7523 140.626 4.8 6 898 468 5
2022 9 1 14 9 25.7322 48.7121 140.481 15.8 5 18852 6371 5
2022 9 1 14 12 30.1453 46.0912 141.115 10.2 5 1310 112 4
2022 9 1 14 12 31.096 46.0479 140.872 9.6 5 1321 223 5
2022 9 1 14 12 31.168 46.1604 140.897 3.9 5 7514 2205 4
2022 9 1 14 12 52.3963 46.9033 140.933 2.1 5 31124 6138 5
2022 9 1 14 12 52.3963 47.064 140.832 21.6 5 35044 24753 3
2022 9 1 14 14 23.987 45.8471 140.549 7.8 7 2415 1029 7
2022 9 1 14 15 53.9854 47.7871 140.596 6.3 7 3287 1253 7
2022 9 1 14 15 54.0568 47.7614 140.601 4 5 1236 947 5
2022 9 1 14 16 39.7564 47.8792 140.58 26.4 6 13182 6964 6
2022 9 1 14 16 39.7564 47.8823 140.685 9.9 6 7903 3823 5
2022 9 1 14 16 39.8021 47.8997 140.772 22.8 5 706 396 4
2022 9 1 14 17 54.6199 46.3851 141.293 2.8 5 437 170 4
2022 9 1 14 18 17.8057 46.3358 141.243 11.3 6 426 69 5
2022 9 1 14 18 52.5983 47.8384 140.695 6.4 6 15351 6212 6
2022 9 1 14 18 52.6181 47.9174 140.669 3.6 6 3986 1060 6
2022 9 1 14 18 53.0089 47.66 139.827 11.1 5 5016 112 2
2022 9 1 14 18 53.0091 47.7519 140.562 4.1 5 6753 1925 5
2022 9 1 14 18 53.0398 47.7435 140.589 8.8 6 1857 319 5
2022 9 1 14 18 53.0715 47.7355 140.65 2.3 5 1813 128 4
2022 9 1 14 19 11.6277 46.4465 140.913 13.5 7 20951 10859 7
2022 9 1 14 19 18.8855 46.5342 141.024 19 7 1492 228 5
2022 9 1 14 19 21.4647 46.1267 140.86 8 8 4558 892 5
2022 9 1 14 19 26.2703 47.2199 140.96 5.2 8 8050 3344 8
2022 9 1 14 20 24.8396 46.6344 141.034 16 8 1336 128 6
2022 9 1 14 21 26.6171 46.2098 140.877 11.4 6 3489 1277 6
2022 9 1 14 21 26.9768 46.1456 140.762 9.2 5 1891 1685 2
2022 9 1 14 21 27.0231 46.0964 140.749 7.6 5 1994 533 4
2022 9 1 14 24 25.6267 46.9234 140.899 16.2 7 5862 1480 6
2022 9 1 14 26 44.6166 47.7724 140.917 2.8 5 697 75 3
2022 9 1 14 28 9.71849 46.1745 141.13 4.9 5 840 91 5
2022 9 1 14 28 59.7818 47.8126 140.586 10.2 9 5012 1334 8
2022 9 1 14 29 53.5025 46.1802 141.132 7.4 5 1123 624 5
2022 9 1 14 30 39.5074 46.9926 141.106 7 5 573 249 4
2022 9 1 14 31 10.2493 46.5514 141.204 7.1 5 1160 667 5
2022 9 1 14 32 15.857 45.9525 140.869 17.6 11 8407 2411 8
2022 9 1 14 32 33.1815 47.6622 140.787 13.3 6 1052 521 5
2022 9 1 14 32 36.6363 46.711 141.203 18.3 7 2548 869 6
2022 9 1 14 32 36.7773 46.6053 141.034 16.5 8 4350 1535 4
2022 9 1 14 32 58.2704 47.4731 140.949 6.6 8 8930 3503 8
2022 9 1 14 34 0.731718 47.9089 140.754 16.3 7 5756 1530 7
2022 9 1 14 34 0.757809 47.8858 140.751 4.6 5 1812 410 5
2022 9 1 14 34 6.20123 48.7569 140.604 4.2 5 1973 939 5
2022 9 1 14 35 6.72984 47.4727 140.966 8.4 5 6363 1134 5
2022 9 1 14 36 6.64976 48.7817 140.559 21.9 9 3154 456 7
2022 9 1 14 38 32.0059 47.6097 141.024 15.9 8 12151 6258 6
2022 9 1 14 39 40.2022 47.8454 140.901 10.1 5 2384 1179 5
2022 9 1 14 41 14.8411 47.4726 140.862 5.6 5 1582 46 2
2022 9 1 14 43 13.3415 46.1931 141.15 2.6 5 502 132 5
2022 9 1 14 44 23.1329 48.9011 140.61 6.4 5 8822 2569 5
2022 9 1 14 45 28.713 49.0175 140.492 25 9 4924 903 7
2022 9 1 14 45 46.8024 47.6842 140.967 11.3 5 272 147 3
2022 9 1 14 45 50.3969 46.394 141.406 7.9 8 10864 3083 5
2022 9 1 14 45 58.3793 47.0764 141.149 5.8 6 2892 913 5
2022 9 1 14 46 32.9839 46.5118 141.22 6 5 1083 533 5
2022 9 1 14 47 57.5237 47.0969 141.099 18 6 506 275 3
2022 9 1 14 47 57.5237 47.1882 141.17 8.3 6 3866 2411 5
2022 9 1 14 48 10.2808 47.4499 141.082 12.3 7 39806 4376 3
2022 9 1 14 48 18.3053 48.1135 140.743 3 5 11742 3142 5
2022 9 1 14 48 18.3537 48.0568 140.772 28.8 6 646 247 5
2022 9 1 14 49 54.0025 48.8993 140.668 7.4 7 4938 1412 6
2022 9 1 14 49 56.6212 47.0527 141.249 6.6 6 2000 915 6
2022 9 1 14 49 56.9392 47.4319 140.932 17.6 9 20521 9064 7
2022 9 1 14 49 56.9392 47.4063 140.948 5.8 5 0 0 0
2022 9 1 14 49 56.9597 47.3958 140.979 10.7 6 1649 953 6
2022 9 1 14 51 3.22125 47.1067 141.211 2.6 7 1884 393 7
2022 9 1 14 52 50.6268 47.1488 141.193 6.3 7 22426 7643 7
2022 9 1 14 53 33.993 48.8648 140.708 5.8 6 3186 270 6
2022 9 1 14 54 23.1519 47.1618 141.142 26.6 8 4185 1509 6
2022 9 1 14 54 23.254 47.2713 141.177 10.6 10 3480 1547 6
2022 9 1 14 55 48.6305 48.159 140.742 12.9 8 5385 1608 6
2022 9 1 14 59 15.4699 48.1503 140.804 20.6 7 820 277 4
2022 9 1 15 0 31.5403 48.11 140.734 7.1 5 2893 0 1
2022 9 1 15 0 31.5403 48.0269 140.913 4.8 6 5946 1729 6
2022 9 1 15 1 12.412 46.6478 141.224 5.4 8 16156 1478 6
2022 9 1 15 2 19.1799 48.9401 140.71 9 5 33120 14854 4
2022 9 1 15 4 2.28991 48.9253 140.688 5.7 5 12525 3642 5
2022 9 1 15 5 5.97918 48.9545 140.693 14.2 10 2795 431 6
2022 9 1 15 8 10.5652 47.2679 141.324 7.6 5 5501 1380 5
2022 9 1 15 9 20.1307 46.1975 141.326 6 5 2382 645 5
2022 9 1 15 13 0.555219 48.2492 140.795 4.3 5 30117 13127 4
2022 9 1 15 18 49.8333 47.3529 141.312 5.3 5 3927 2505 5
2022 9 1 15 18 50.1647 47.7192 141.099 5.9 6 3675 1976 6
2022 9 1 15 20 34.3114 47.3669 141.429 16.9 6 512 287 5
2022 9 1 15 26 12.1916 48.2344 140.843 20.5 6 6585 2652 2
2022 9 1 15 27 41.751 48.191 141.026 5.6 6 2605 552 5
2022 9 1 15 34 44.9275 47.3932 141.596 4.9 5 10347 4812 5
2022 9 1 15 34 44.9275 47.4655 141.577 5 6 26865 13421 3
2022 9 1 15 45 27.5643 47.5221 141.495 8.8 10 2245 942 7
2022 9 1 15 52 54.7414 47.8983 141.403 9.1 8 4847 2204 5
2022 9 1 15 53 8.68201 48.3553 141.054 3.9 5 390 190 4
2022 9 1 15 57 49.5253 47.8504 141.597 2.5 5 643 277 4
2022 9 1 16 23 42.9541 48.5572 141.264 7.4 6 554 257 5
2022 9 1 16 23 43.0719 48.5962 141.257 13.3 5 535 397 5
2022 9 1 16 43 1.25912 48.8043 141.236 10.3 8 19828 14426 7
2022 9 1 16 43 1.25913 48.7743 141.296 22.4 8 7409 3440 7
2022 9 1 16 48 8.04665 49.005 140.897 12.4 9 1239 742 7
2022 9 1 16 48 8.12031 48.9897 140.905 7.4 7 348 99 7
2022 9 1 16 48 8.20885 48.9721 140.922 7.1 5 675 197 5
2022 9 1 16 49 42.6775 48.9947 140.89 3.1 8 1075 522 8
2022 9 1 16 50 53.5182 49.0076 140.879 6.2 7 2524 637 6
2022 9 1 16 52 26.4919 49.0497 140.82 14.5 6 10934 4361 6
2022 9 1 16 58 36.4529 48.7587 141.482 9.3 6 949 491 5
2022 9 1 17 47 28.1718 49.4409 141.006 5.9 6 738 66 4
2022 9 1 17 56 42.4767 46.5344 141.521 13.3 9 1354 135 3
2022 9 1 17 58 25.3813 46.5533 141.344 16.9 9 1492 366 6
2022 9 1 18 33 19.4198 46.751 141.661 12.5 6 7978 1463 6
2022 9 1 19 25 34.8177 47.4856 141.128 5.5 6 543 373 6
2022 9 1 19 25 34.9839 47.5358 141.114 6.3 5 3927 2899 4
2022 9 1 19 29 44.8329 47.483 141.116 24.9 7 9628 7275 5
2022 9 2 11 9 27.5668 39.2276 134.067 23.1 5 1979 288 3
2022 9 2 13 16 37.0432 35.1631 131.232 20.1 5 349 65 3
2022 9 2 13 16 50.2777 35.0268 131.999 27.3 5 311 92 4
2022 9 2 13 33 12.5137 40.0486 135.02 21 5 795 264 5
2022 9 2 13 36 55.3869 37.9435 138.055 11.1 5 499 84 5
2022 9 2 14 0 5.23513 37.6381 137.497 13.4 5 1517 174 4
2022 9 2 14 12 30.7943 38.1935 137.656 4.6 5 1070 112 4
2022 9 2 14 30 1.37217 37.2901 137.761 10.4 5 1565 233 4
2022 9 2 15 8 30.6935 36.6952 136.121 2.1 5 468 297 4
2022 9 2 15 11 44.4509 35.0638 131.967 25.4 6 1552 209 2
2022 9 2 15 55 27.8607 37.3808 137.684 11.3 5 313 31 4
2022 9 2 15 57 45.6089 37.2719 133.111 11.8 5 1004 136 3
2022 9 2 16 18 19.5325 43.0761 140.25 26.4 5 1715 328 5
2022 9 2 16 19 19.9145 35.2629 132.168 2.5 5 1889 1422 3
2022 9 2 16 42 33.1424 35.0054 131.963 5.1 6 66780 0 1
2022 9 2 16 42 33.1424 35.009 131.975 2.1 5 18163 9488 5
2022 9 2 16 45 9.13989 35.1031 132.301 19.8 6 2301 570 4
2022 9 2 16 50 40.7931 35.0105 131.804 2.5 5 2136 943 5
2022 9 2 16 50 41.1705 35.1011 131.876 6.6 5 129 56 5
2022 9 2 16 53 57.1921 35.0113 131.936 14.9 6 654 159 3
2022 9 2 16 55 22.7899 35.0095 132.053 2.5 6 669 197 4
2022 9 2 17 40 35.2826 35.0039 131.971 17.8 10 1097 252 5
2022 9 2 17 40 35.3679 35.0007 132.049 10.8 6 387 240 3
2022 9 2 17 44 12.991 35.0094 131.979 12.6 10 4137 2229 8
2022 9 2 17 51 19.0233 37.2079 135.913 14.1 5 520 79 5
2022 9 2 18 36 13.6989 35.7918 133.066 13.1 8 275 54 6
2022 9 2 21 28 43.4222 36.8407 136.249 17 6 397 169 6
2022 9 3 0 44 24.8775 35.9276 134.913 4.5 7 1350 242 6
2022 9 3 0 44 25.0733 35.9156 135.058 6.9 5 176 41 4
2022 9 3 0 49 52.6711 35.9101 134.881 2.2 5 59 15 5
2022 9 3 0 51 6.79787 35.898 135.113 7.3 5 371 70 4
2022 9 3 0 53 18.1793 35.9072 134.952 16 8 1478 221 8
2022 9 3 0 54 9.11242 35.9607 134.843 4.9 6 172 24 5
2022 9 3 0 56 27.5852 35.8911 134.807 21.9 5 182 29 4
2022 9 3 0 57 52.2518 35.9387 134.994 9.9 7 183 34 6
2022 9 3 1 0 12.2015 35.9122 134.959 14.9 7 270 84 6
2022 9 3 1 0 12.2601 35.9018 134.951 10.7 7 774 213 7
2022 9 3 1 0 12.3207 35.9146 134.93 22.5 5 298 148 5
2022 9 3 1 0 12.3653 35.8799 134.973 6.6 5 307 8 3
2022 9 3 1 0 12.4629 35.97 135.023 4.7 5 93 9 4
2022 9 3 1 3 44.0874 35.9283 135.002 10 5 129 20 4
2022 9 3 1 4 21.9542 35.9101 134.965 13 6 143 21 5
2022 9 3 1 6 12.9484 35.9837 135.004 10 5 1179 693 4
2022 9 3 1 8 26.462 36.0707 135.126 5.5 5 46 8 4
2022 9 3 1 11 45.2416 36.0779 135.026 14.4 5 96 26 4
2022 9 3 1 14 27.9497 35.9598 135.042 16.6 5 440 187 5
2022 9 3 1 15 23.2932 35.9788 134.899 8.2 6 347 73 5
2022 9 3 1 15 23.3741 35.9825 134.963 19.1 7 195 26 6
2022 9 3 1 16 6.33529 35.9846 135.045 8.4 6 519 176 5
2022 9 3 1 16 6.39715 35.9523 134.998 20.7 5 211 56 5
2022 9 3 1 16 6.56586 35.9624 134.984 16.5 6 612 137 6
2022 9 3 1 16 36.3242 35.9908 135.052 11.2 6 208 84 5
2022 9 3 1 16 36.9145 35.9833 134.954 7.3 7 235 50 5
2022 9 3 1 16 53.2186 35.9506 135.046 7.1 5 78 25 5
2022 9 3 1 16 53.5953 35.982 134.916 10.7 5 69 14 4
2022 9 3 1 17 19.4023 35.9855 134.956 0.7 5 106 21 5
2022 9 3 1 19 18.7545 36.0683 135.151 8.6 6 183 54 6
2022 9 3 1 20 34.7004 35.9026 135.008 15.3 6 2040 797 5
2022 9 3 1 20 34.7004 35.927 135.022 0.8 5 1534 95 4
2022 9 3 1 20 43.3347 36.0757 135.132 7.6 5 240 78 4
2022 9 3 1 20 43.5559 36.0473 135.12 11.5 8 277 59 6
2022 9 3 1 21 6.85794 35.9943 135.032 12.6 7 310 25 4
2022 9 3 1 21 7.05969 35.9891 135.003 18.1 6 112 24 5
2022 9 3 1 21 44.7748 35.9403 134.911 7.6 5 739 110 4
2022 9 3 1 21 44.803 35.9831 134.938 6.7 6 74 12 5
2022 9 3 1 21 50.1124 35.8507 134.288 12.7 6 244 64 4
2022 9 3 1 21 57.2922 36.0534 135.127 8.9 5 227 57 4
2022 9 3 1 22 38.0476 35.8557 135.089 2.2 5 1645 349 5
2022 9 3 1 23 39.6208 36.0868 135.173 13.7 5 450 101 4
2022 9 3 1 23 39.6668 36.0923 135.079 6.2 6 433 83 6
2022 9 3 1 23 39.7363 36.0504 135.121 10.5 7 229 66 6
2022 9 3 1 24 6.09689 36.0218 134.99 9.5 6 459 140 5
2022 9 3 1 25 48.9164 36.0457 135.12 1.6 6 1895 318 5
2022 9 3 1 25 49.0419 36.0069 135.1 15.7 5 64 16 5
2022 9 3 1 25 49.0625 35.9683 135.126 14.5 6 53 5 5
2022 9 3 1 28 25.2826 35.9608 135.118 18.1 6 70 25 5
2022 9 3 1 28 28.5881 36.0961 135.071 12.3 9 625 109 7
2022 9 3 1 33 42.1892 35.9556 135.081 9.9 6 52 14 5
2022 9 3 1 34 6.7167 35.9298 135.065 14.5 8 615 131 6
2022 9 3 1 36 22.3568 36.2346 134.675 27.8 7 597 24 2
2022 9 3 1 37 32.6827 35.9733 135.073 12.3 6 59 17 6
2022 9 3 1 38 18.4006 35.9607 135.077 16.3 9 592 115 6
2022 9 3 1 38 18.6401 35.9799 135.046 10.6 6 147 19 4
2022 9 3 1 38 34.452 35.9686 134.96 10.9 5 517 49 5
2022 9 3 1 40 33.9995 35.9537 135.093 12.6 10 1156 369 8
2022 9 3 1 40 34.0366 35.806 135.336 5.9 5 243 19 3
2022 9 3 1 40 34.0389 35.9839 134.979 12.6 7 363 83 4
2022 9 3 1 40 57.5621 35.9172 135.126 14.2 6 828 22 5
2022 9 3 1 40 57.6592 35.9529 135.091 18 8 533 116 7
2022 9 3 1 40 57.8668 35.966 135.122 12.3 7 207 81 4
2022 9 3 1 41 21.1671 36.0124 135.15 9.3 5 101 26 4
2022 9 3 1 41 34.2268 35.9836 135.157 13.9 5 66 6 5
2022 9 3 1 42 31.2029 35.9887 135.168 11.8 5 119 21 4
2022 9 3 1 43 9.5281 35.9349 135.13 10.2 5 42 3 5
2022 9 3 1 43 9.53678 35.9635 135.179 15.9 10 293 41 7
2022 9 3 1 43 52.7307 36.0039 135.174 6.8 9 6033 1123 7
2022 9 3 1 43 52.7797 35.9507 135.127 20.7 5 42 3 5
2022 9 3 1 43 52.8714 36.0063 135.083 19.1 6 67 11 4
2022 9 3 1 45 12.1495 36.0091 135.096 10.3 12 7533 2396 10
2022 9 3 1 45 12.5533 35.9842 135.137 8.8 6 661 165 6
2022 9 3 1 45 12.5989 35.9609 135.123 11.5 5 40 4 5
2022 9 3 1 46 23.7221 36.1923 135.194 1.3 7 3816 1123 6
2022 9 3 1 51 26.9495 36.0438 135.249 9.7 7 756 430 5
2022 9 3 2 24 28.1691 36.0596 135.263 13.5 6 180 41 6
2022 9 3 2 36 35.8272 36.0533 135.214 14.5 9 242 36 7
2022 9 3 2 41 44.4684 36.0541 135.206 8.2 6 585 119 5
2022 9 3 2 41 44.6695 36.1597 135.033 12.2 5 608 87 4
2022 9 3 2 41 44.7468 36.0659 135.261 6 7 704 228 6
2022 9 3 2 41 45.0239 36.0465 135.288 14.5 5 42 2 5
2022 9 3 2 41 45.4276 36.2589 135.72 9.5 5 303 163 5
2022 9 3 2 41 45.7223 36.3004 135.62 11 5 218 42 5
2022 9 3 2 43 13.3089 36.08 135.353 12 5 86 19 3
2022 9 3 2 48 29.3481 35.9714 135.349 1.7 6 1088 162 5
2022 9 3 2 48 29.3481 36.0507 135.332 14.2 7 1244 254 4
2022 9 3 2 48 29.4393 35.9728 135.358 6.6 5 762 363 4
2022 9 3 2 48 29.4393 36.0534 135.332 7.9 5 546 55 4
2022 9 3 2 48 29.5901 36.049 135.356 15.5 7 97 21 5
2022 9 3 2 48 56.9098 36.0917 135.44 26.3 6 32 13 4
2022 9 3 2 50 48.6791 36.023 135.275 23.9 5 69 15 2
2022 9 3 2 52 7.89817 36.0647 135.388 13.1 9 139 50 7
2022 9 3 2 52 16.5589 36.0388 135.291 17.1 5 111 21 5
2022 9 3 2 52 17.2937 36.074 135.438 7.3 6 43 12 6
2022 9 3 2 52 30.9346 36.0712 135.369 11.9 5 106 16 5
2022 9 3 2 54 29.5739 36.0662 135.215 9.6 7 334 71 6
2022 9 3 2 55 12.1105 36.0841 135.287 24.5 5 269 32 4
2022 9 3 2 55 12.1758 36.0823 135.291 8.1 5 64 1 5
2022 9 3 2 56 27.5741 36.0285 135.307 7.4 5 310 62 5
2022 9 3 2 58 15.7821 36.0449 135.338 8.8 7 98 26 6
2022 9 3 3 0 47.7361 36.1167 135.404 6 5 388 192 5
2022 9 3 3 0 48.0126 36.0854 135.456 10.3 7 144 8 5
2022 9 3 3 1 23.0643 36.0646 135.286 6 6 139 37 5
2022 9 3 3 2 26.5785 36.0509 135.381 13.7 5 61 7 4
2022 9 3 3 2 40.1077 36.0899 135.171 30 7 119 11 5
2022 9 3 3 2 40.2982 36.0958 135.387 10 8 520 133 7
2022 9 3 3 2 40.4084 36.0384 135.435 15.9 5 112 7 3
2022 9 3 3 3 10.2043 36.0674 135.318 5.6 6 542 100 5
2022 9 3 3 4 34.681 36.034 135.421 15.2 5 139 18 5
2022 9 3 3 4 46.5591 36.0865 135.422 14.8 6 89 2 5
2022 9 3 3 4 46.6026 36.074 135.375 9.5 5 101 22 5
2022 9 3 3 5 26.3443 36.0512 135.362 12.4 6 179 8 5
2022 9 3 3 7 19.745 36.0439 135.457 11.5 8 1538 185 6
2022 9 3 3 8 4.42249 36.0903 135.339 8.9 5 55 6 4
2022 9 3 3 8 4.60647 36.0865 135.339 8.1 6 112 9 4
2022 9 3 3 8 49.4932 36.0361 135.369 10.9 5 42 4 4
2022 9 3 3 8 49.7377 36.0458 135.356 16.4 5 64 10 5
2022 9 3 3 8 49.8 36.0654 135.371 8.4 5 141 36 5
2022 9 3 3 9 46.4174 36.0697 135.478 16.4 8 107 18 6
2022 9 3 3 15 4.30475 36.0834 135.405 9.8 9 4329 1590 7
2022 9 3 3 22 34.6464 35.9649 135.497 22.6 5 370 40 4
2022 9 3 3 23 28.0231 36.0353 135.436 5.9 5 226 22 4
2022 9 3 3 23 28.1301 36.0382 135.535 12.7 5 130 13 5
2022 9 3 3 24 18.4313 36.0212 135.519 19.3 5 285 9 3
2022 9 3 3 31 3.25322 36.0615 135.445 9.1 5 4115 310 4
2022 9 3 3 31 3.29729 36.0443 135.538 11.6 6 73 12 6
2022 9 3 3 31 3.38123 36.0012 135.511 17.5 5 49 5 4
2022 9 3 3 33 4.86905 36.0695 135.52 17.5 7 283 19 5
2022 9 3 3 35 24.7656 36.1248 135.662 4.6 8 5034 1251 7
2022 9 3 3 35 24.7817 36.1729 135.673 14.4 7 492 127 5
2022 9 3 3 35 24.9629 36.2013 135.698 14.9 8 1687 784 7
2022 9 3 3 35 25.1392 36.2191 135.697 10.7 6 91 8 6
2022 9 3 3 38 58.1597 36.0409 135.557 12 5 101 15 4
2022 9 3 3 41 47.9364 36.0214 135.686 7.3 5 40 3 3
2022 9 3 3 45 58.9506 36.1045 135.502 26.3 5 26 11 4
2022 9 3 4 43 33.7506 35.6714 135.718 11.3 7 722 213 7
2022 9 3 4 43 33.8135 35.6961 135.659 18.8 8 219 70 5
2022 9 3 7 5 48.6552 35.7987 134.98 7.1 8 1410 174 4
2022 9 3 7 13 35.3175 35.793 135.018 6.7 6 791 44 4
2022 9 3 7 29 23.3445 35.855 135.279 10.1 5 245 79 3
2022 9 3 7 33 22.1811 35.8223 135.112 4.5 10 452 75 6
2022 9 3 7 34 2.93697 35.7782 134.993 7.3 8 904 89 6
2022 9 3 7 42 1.28916 35.8551 135.09 8 9 1383 75 5
2022 9 3 7 45 44.6419 35.854 135.244 17.4 5 456 108 5
2022 9 3 7 59 33.9537 36.0337 135.114 3.4 5 1396 32 3
2022 9 3 8 2 34.9969 35.9171 135.173 13.4 11 990 235 7
2022 9 3 8 3 18.893 35.8985 135.094 21.6 13 1109 384 8
2022 9 3 8 4 37.7454 35.9649 135.058 9 5 314 90 2
2022 9 3 8 5 56.5373 35.9134 135.135 13.2 9 505 130 6
2022 9 3 8 12 5.2743 35.9433 135.134 8.2 8 1022 97 5
2022 9 3 8 12 5.27431 35.8612 135.31 3 6 5484 1055 5
2022 9 3 8 41 3.45911 35.7994 134.765 16.1 5 578 133 4
2022 9 3 8 42 18.883 35.784 135.081 4.9 5 2398 0 1
2022 9 3 8 51 51.6971 35.801 134.638 7.2 11 1034 263 6
2022 9 3 8 54 58.6518 35.8059 135.09 2 6 408 139 4
2022 9 3 8 54 58.8365 35.7984 135.048 11.2 8 234 64 5
2022 9 3 8 55 14.7102 35.745 134.636 14.5 8 1153 738 6
2022 9 3 9 6 16.649 35.8226 134.507 14.6 8 1232 342 4
2022 9 3 9 6 16.7546 35.8331 134.644 15.2 10 3593 1500 5
2022 9 3 9 6 16.7929 35.8645 134.626 4.4 9 584 269 6
2022 9 3 9 6 17.1333 35.8295 134.689 24.9 9 234 85 5
2022 9 3 9 6 17.1862 35.8958 134.827 11.2 9 228 85 5
2022 9 3 13 30 48.8226 36.975 137.394 28 5 325 84 4
2022 9 3 17 38 16.9441 40.3359 139.56 25.1 7 1301 983 4
2022 9 3 19 16 26.1101 40.0313 139.655 9.2 6 4911 3752 6
2022 9 3 20 2 49.2304 39.6852 139.638 15.3 6 76 13 4
2022 9 3 20 51 31.6574 39.6627 139.75 7.8 6 7550 3781 4
2022 9 3 20 55 44.9346 39.716 139.759 6 10 5436 720 8
2022 9 3 20 59 55.2409 39.6969 139.75 6.8 5 3311 1417 4
2022 9 5 14 11 14.8389 39.8296 139.496 24 5 5880 231 5
2022 9 5 14 17 6.76468 39.969 139.369 23.3 5 140 9 5
2022 9 5 14 28 59.1486 39.9947 139.189 22.9 5 295 75 5
2022 9 5 14 35 11.5887 39.7986 139.249 23.6 5 322 62 5
2022 9 5 14 36 37.8532 38.9938 138.345 25 5 318 20 5
2022 9 5 14 46 16.5258 39.4512 138.443 19.7 5 214 27 4
2022 9 5 14 48 24.5432 39.7843 139.007 25.6 5 98 5 5
2022 9 5 15 2 26.6493 38.7065 138.222 20.6 5 1456 72 5
2022 9 5 15 16 32.0976 36.8058 136.382 15.3 5 118 21 4
2022 9 5 15 28 55.4011 37.7053 137.273 18.6 5 415 93 5
2022 9 6 15 0 23.5069 36.9368 134.106 20.6 5 4386 772 4
2022 9 6 15 53 6.86686 37.1215 134.206 18.6 5 648 117 4
2022 9 8 14 31 45.5004 37.2361 137.77 9.3 6 1540 644 4
2022 9 12 8 30 52.3023 35.1859 132.334 9 6 464 121 4
2022 9 12 8 43 38.0305 35.0668 132.091 10 9 712 212 4
2022 9 14 10 35 31.5078 41.8287 137.037 24.6 5 4008 1025 4
2022 9 16 10 2 17.0937 39.4069 127.764 4.2 5 1116 154 2
2022 9 16 10 2 17.0937 39.3364 127.855 13.9 5 619 371 4
2022 9 16 10 2 17.1251 39.3355 127.867 21.4 6 987 536 5
2022 9 16 10 22 42.8438 39.5879 128.001 12.7 8 3588 1921 4
2022 9 16 10 33 25.7845 39.6017 128.009 6.4 8 4567 0 1
2022 9 16 10 33 25.8421 39.644 128.181 7.8 5 389 112 4
2022 9 16 11 12 53.8067 39.3889 127.64 8.2 9 4483 2274 5
2022 9 16 11 35 8.30073 39.5064 127.751 15.9 11 15073 1481 4
2022 9 16 12 13 40.7867 39.2837 128.44 11.7 7 574 298 3
2022 9 16 12 18 27.5617 39.2686 128.126 18 5 940 0 1
2022 9 16 12 28 49.1466 39.4067 128.482 2.9 5 432 93 2
2022 9 16 12 30 34.5582 39.4067 128.512 12 6 206 65 3
2022 9 16 12 40 50.7934 39.4973 128.543 3.9 5 330 5 2
2022 9 16 12 50 45.5016 39.5865 128.644 11.8 5 2831 1296 5
2022 9 16 12 53 22.5778 39.894 128.946 11 12 10844 2891 7
2022 9 16 12 53 22.6021 39.9097 128.929 11.8 8 1031 104 4
2022 9 16 12 54 6.89285 38.8941 128.076 7.7 7 1019 507 2
2022 9 16 13 4 4.24474 39.9018 128.816 2 7 1468 0 1
2022 9 16 13 4 4.2918 39.9313 128.991 9.1 6 492 199 4
2022 9 16 13 4 4.32753 39.9781 128.976 2.7 6 1175 449 2
2022 9 16 13 4 4.40253 39.7459 129.006 8.5 5 3047 2692 2
2022 9 16 13 15 28.1701 39.9606 129.148 11.4 8 5598 1141 6
2022 9 16 13 20 13.2968 39.0479 128.288 3.6 5 1088 64 2
2022 9 16 13 20 13.4137 38.9577 128.238 15.7 8 1015 309 6
2022 9 16 18 4 14.1454 38.783 128.328 7.3 6 711 0 1
2022 9 16 18 50 56.2394 39.0522 128.537 7 9 1114 272 7
2022 9 16 19 0 30.197 38.9312 128.469 0.7 5 259 71 5
2022 9 16 19 1 16.6591 38.8485 128.448 19.7 5 285 114 5
2022 9 16 19 1 56.9685 38.9539 128.461 3.1 5 406 236 5
2022 9 16 21 17 41.8765 42.6146 133.43 10.9 12 3256 1097 6
2022 9 16 21 49 49.4441 41.8928 131.094 15 5 2709 2009 4
2022 9 16 21 49 49.4869 41.8851 131.048 12.4 5 221 36 4
2022 9 16 21 50 31.4134 41.8944 131.063 8.4 5 170 31 4
2022 9 16 21 53 7.892 41.9425 131.037 2.8 5 1552 619 4
2022 9 16 23 52 49.7745 42.7661 133.047 21.3 5 2866 2299 5
2022 9 17 6 35 11.5958 42.934 134.935 8.7 7 274 102 5
2022 9 17 6 38 43.9589 38.1379 134.561 12.9 5 231 37 4
2022 9 17 7 10 4.35822 38.3319 134.671 5.8 6 2398 1344 5
2022 9 17 7 30 39.0831 44.8761 140.02 13.1 7 517 341 5
2022 9 17 7 31 40.1887 44.8823 140.022 16 6 184 81 5
2022 9 17 7 43 50.034 44.8769 140.238 19 5 111 62 3
2022 9 17 7 44 41.9454 44.9908 140.36 9.6 5 172 69 4
2022 9 17 7 45 46.8334 44.9032 140.256 13.8 10 710 444 7
2022 9 17 7 45 46.867 44.8778 140.267 20.2 5 125 76 3
2022 9 17 7 48 46.1857 44.9264 140.247 16 12 11668 4692 8
2022 9 17 7 48 46.3088 44.8923 140.28 15.1 8 74 29 5
2022 9 17 7 48 46.4783 44.9627 140.293 6 6 796 207 5
2022 9 17 7 59 46.1157 45.0302 140.646 9.2 5 49 10 4
2022 9 17 8 1 14.1236 38.3606 134.875 21.7 5 130 36 4
2022 9 17 8 1 14.2384 38.4207 134.873 9.5 5 1274 728 4
2022 9 17 8 1 14.2386 38.7265 135.066 3.9 5 894 381 4
2022 9 17 8 17 28.3646 45.0095 140.877 27.1 5 1068 352 2
2022 9 17 8 34 58.1695 43.8586 137.573 18.1 11 1936 1204 4
2022 9 17 8 35 3.04286 45.0134 141.245 8.9 5 67 29 4
2022 9 17 8 37 46.7265 44.9716 141.273 9.2 6 111 45 4
2022 9 17 8 40 23.8392 44.1236 137.261 5.2 5 0 0 0
2022 9 17 8 40 46.2928 43.8867 137.647 9.8 5 91 41 4
2022 9 17 8 40 55.6367 45.0591 141.332 7.1 6 2201 412 6
2022 9 17 8 41 58.4283 43.9138 137.585 5.9 5 20005 5270 4
2022 9 17 8 41 58.4283 43.8798 137.601 17.3 10 15335 8087 4
2022 9 17 8 43 2.6637 43.9383 137.636 7.2 7 531 122 4
2022 9 17 8 48 1.91254 45.0008 141.462 8.6 7 95 49 5
2022 9 17 8 54 44.5925 43.9043 137.881 16.8 6 182 75 4
2022 9 17 9 0 11.4453 43.9257 137.889 17.9 5 82 33 4
2022 9 17 9 0 11.4687 43.9445 137.897 11 6 114 50 4
2022 9 17 9 4 26.3959 43.848 137.527 0.7 5 405 154 3
2022 9 17 9 13 8.02987 44.1027 137.829 7.3 5 0 0 0
2022 9 17 9 13 8.02994 43.99 138.122 5.3 6 17127 2578 5
2022 9 17 9 16 59.415 44.6709 139.771 7.2 9 2199 860 6
2022 9 17 10 18 16.8909 44.8344 141.007 13.5 9 462 356 5
2022 9 17 12 43 44.7545 38.6893 132.242 12.7 8 4875 473 5
2022 9 17 13 14 11.5595 38.296 133.557 7.3 6 1751 377 4
2022 9 17 13 16 6.83407 38.4324 133.553 4.5 6 2715 779 5
2022 9 17 13 42 52.0988 39.9665 135.367 7.9 6 11334 7407 5
2022 9 17 13 42 52.0988 40.0285 135.34 20.8 7 7032 3359 4
2022 9 17 13 42 52.0988 39.954 135.681 17.5 5 2670 95 3
2022 9 17 13 45 39.1601 40.0366 135.352 8.9 5 8119 1874 4
2022 9 17 13 45 39.1601 39.9914 135.33 4.2 5 7304 5333 5
2022 9 17 14 14 9.47401 38.72 134.02 10.4 17 10965 7206 13
2022 9 17 14 14 9.5858 38.8144 134.079 18 9 2022 329 7
2022 9 17 14 14 9.60938 38.66 134.068 12.7 6 1133 690 3
2022 9 17 14 17 11.447 38.7973 134.086 4.5 6 1075 562 6
2022 9 17 14 18 32.1827 38.7848 133.978 8.8 6 1126 6 3
2022 9 17 14 18 32.1827 38.8678 134.047 20.4 9 4510 955 7
2022 9 17 14 18 32.275 38.8883 134.058 5.6 5 1576 303 4
2022 9 17 14 21 18.5746 38.711 133.938 2.2 5 417 2 4
2022 9 17 14 47 15.8369 38.8504 134.49 23.2 5 1814 260 2
2022 9 17 14 47 15.866 38.8727 134.426 2 5 1821 841 4
2022 9 17 14 56 29.5838 38.7317 134.508 4.1 5 2019 1366 5
2022 9 17 15 14 23.0591 38.8667 133.776 13.8 9 1026 243 7
2022 9 17 15 14 52.8158 38.2828 133.5 3.4 5 23041 10518 4
2022 9 17 15 14 52.8158 38.3001 133.498 16.6 12 21863 16613 8
2022 9 17 15 18 2.5793 38.7134 133.57 7.5 6 1486 319 4
2022 9 17 15 26 39.8568 38.7338 133.852 1.5 5 1802 386 4
2022 9 17 15 26 39.8568 38.7407 134.032 13.2 6 573 317 4
2022 9 17 15 30 9.92097 38.7 133.802 21.1 7 5330 3819 5
2022 9 17 15 30 9.92099 38.7578 133.919 11.7 10 5835 3536 6
2022 9 17 15 30 10.0338 38.777 133.862 1.1 5 592 161 5
2022 9 17 15 30 10.0745 38.8963 133.868 15.1 8 1122 385 6
2022 9 17 15 30 10.4894 38.7731 133.896 2.5 6 585 225 4
2022 9 17 15 31 2.30662 38.7166 133.887 11.1 8 844 349 6
2022 9 17 15 32 26.6985 38.6111 133.792 18.6 14 5968 3821 11
2022 9 17 15 32 26.9706 38.6234 133.819 0.6 5 608 129 5
2022 9 17 15 32 26.9964 38.6905 133.906 3.2 5 236 38 4
2022 9 17 15 33 57.3786 38.8265 134.151 14.3 6 229 10 3
2022 9 17 15 35 14.6202 38.7483 133.827 20.2 5 4358 0 1
2022 9 17 15 35 14.6202 38.828 133.842 29.9 10 18725 11377 9
2022 9 17 15 36 23.4979 39.0073 133.871 6.6 5 1489 463 5
2022 9 17 15 36 50.4809 38.6921 133.645 11.1 6 766 163 4
2022 9 17 15 38 0.616998 38.7488 133.918 2.2 5 1431 291 4
2022 9 17 15 38 0.66622 38.6679 133.582 8 6 580 113 4
2022 9 17 15 39 3.58922 38.8474 133.844 28.5 11 7302 6096 8
2022 9 17 15 39 3.58924 38.7941 134.098 8 5 2455 1119 2
2022 9 17 15 39 3.65434 38.9465 133.908 15 8 948 670 6
2022 9 17 15 39 3.69134 38.7674 133.877 10.3 7 634 200 5
2022 9 17 15 39 3.88602 38.8203 133.88 12.6 10 934 710 7
2022 9 17 15 39 46.6444 38.7991 133.898 14 13 10062 3991 10
2022 9 17 15 39 46.6953 38.8352 133.899 1.3 5 1243 246 5
2022 9 17 15 39 46.9831 38.9236 133.877 16 8 1243 255 6
2022 9 17 15 40 29.905 38.8202 134.256 28.5 5 530 232 4
2022 9 17 15 41 47.4116 38.7496 133.87 17.9 9 18556 13750 7
2022 9 17 15 42 29.6018 38.9656 134.63 26.6 5 2589 0 1
2022 9 17 15 42 29.6455 38.9019 134.035 2.5 5 576 167 4
2022 9 17 15 43 43.2087 38.8391 133.864 18.3 12 7299 5493 9
2022 9 17 15 43 43.2439 38.8255 133.894 12 7 1510 682 6
2022 9 17 15 43 43.6348 38.9293 134.28 17.6 7 556 194 4
2022 9 17 15 44 39.7801 40.8135 136.691 9.2 5 1608 1290 5
2022 9 17 15 45 3.30671 39.0268 134.331 11.7 5 181 38 3
2022 9 17 15 45 3.30956 38.852 133.895 7.2 8 1412 412 7
2022 9 17 15 45 54.3764 39.4149 135.333 27.9 6 46 3 3
2022 9 17 15 47 46.3203 38.8773 133.997 16.6 7 754 445 4
2022 9 17 15 50 11.2316 40.7411 136.862 8.1 11 12494 6474 11
2022 9 17 15 55 3.95573 40.7561 136.901 2.1 6 2668 894 6
2022 9 17 16 0 10.073 39.0087 134.296 7.3 5 434 139 4
2022 9 17 16 8 11.7046 39.083 134.143 5.5 8 1861 578 7
2022 9 17 16 8 11.7315 39.1922 134.354 2.5 6 800 241 4
2022 9 17 16 8 11.751 39.1659 134.302 4 5 400 132 4
2022 9 17 16 22 17.6118 39.3003 134.338 3.9 6 49542 18498 4
2022 9 17 16 24 30.9354 38.9151 133.999 1.5 6 8616 6823 5
2022 9 17 16 24 31.0444 38.8919 133.973 5.9 5 550 251 5
2022 9 17 16 24 31.0951 38.9576 133.987 2 5 815 142 4
2022 9 17 16 24 31.7824 39.0628 134.078 5.8 6 4066 1421 6
2022 9 17 16 24 31.7825 39.1086 134.52 28.5 7 1056 381 2
2022 9 17 16 25 54.1526 39.348 134.359 17.2 12 11499 7533 9
2022 9 17 16 25 54.9792 39.2795 134.213 9.2 11 4700 4004 10
2022 9 17 16 28 54.5187 38.9749 133.986 18 7 2422 1283 4
2022 9 17 16 28 54.5538 38.9099 133.979 9.6 7 501 113 5
2022 9 17 16 28 54.5944 38.7735 133.596 4.4 5 278 29 4
2022 9 17 16 28 57.1011 39.4157 134.369 28.3 12 11582 11012 9
2022 9 17 16 29 19.5655 39.1648 134.27 1.4 6 490 158 5
2022 9 17 16 31 2.30522 39.095 134.419 12.7 6 527 194 3
2022 9 17 16 32 50.9307 39.0977 134.142 8.7 5 124 24 4
2022 9 17 16 33 30.3294 39.1706 134.296 9.4 6 2674 2330 5
2022 9 17 16 37 29.4622 39.5692 134.982 11.1 5 634 198 4
2022 9 17 16 37 29.8838 39.3756 134.354 10.2 12 7962 6700 9
2022 9 17 16 37 30.0912 39.2576 134.262 8.8 9 864 448 7
2022 9 17 16 37 46.1888 39.049 134.06 15.4 11 1729 1224 8
2022 9 17 16 39 23.508 39.0263 133.864 4.7 7 662 242 6
2022 9 17 16 40 28.2446 39.0304 134.097 4.9 5 243 63 4
2022 9 17 16 40 38.6105 38.9641 133.952 9.9 9 2952 1718 7
2022 9 17 16 42 26.9325 39.4609 134.804 13.9 12 1209 714 9
2022 9 17 16 42 27.8111 39.6365 134.684 18 5 286 81 4
2022 9 17 16 42 28.6929 39.3882 134.407 15.7 6 806 265 4
2022 9 17 16 42 28.6929 39.4774 134.484 25.7 7 2227 275 4
2022 9 17 16 43 42.6983 38.9401 133.915 17.8 6 764 297 4
2022 9 17 16 43 42.6984 39.0621 133.896 16.1 6 897 513 4
2022 9 17 16 44 52.6347 39.2293 134.527 14.5 9 1874 558 6
2022 9 17 16 45 46.317 39.0974 133.919 4.4 6 1253 259 5
2022 9 17 16 46 40.3135 39.3493 134.645 7.7 5 179 25 4
2022 9 17 16 47 18.2525 39.058 134.074 16.2 12 1546 854 8
2022 9 17 16 47 18.337 39.0796 134.094 14.5 11 1077 617 9
2022 9 17 16 47 31.8709 39.4894 134.45 13.8 9 1203 678 7
2022 9 17 16 48 43.963 39.1014 134.067 13.5 11 4770 2474 9
2022 9 17 16 49 34.0381 39.4034 135.394 14.1 11 3487 1793 7
2022 9 17 16 49 34.0651 39.3632 135.406 8.8 9 792 411 7
2022 9 17 16 52 46.0707 39.1614 134.494 3.4 5 3588 3093 5
2022 9 17 16 52 46.0708 39.2343 134.459 8.1 5 3669 2030 3
2022 9 17 16 53 45.4697 39.0879 134.061 18 7 2273 600 4
2022 9 17 16 56 11.2811 39.4184 133.568 22.1 5 2114 975 3
2022 9 17 16 57 17.0399 39.3077 134.46 3.3 6 2540 1475 6
2022 9 17 16 57 24.684 39.115 134.071 2.8 8 1243 654 7
2022 9 17 16 57 24.6867 39.1262 134.177 16.5 8 609 325 5
2022 9 17 16 57 24.7387 39.0846 134.11 0.2 5 1944 1104 4
2022 9 17 16 57 24.8272 39.0739 134.092 1.3 5 539 134 5
2022 9 17 16 57 55.3878 39.3281 134.536 10.9 7 687 389 5
2022 9 17 16 57 55.5993 39.2952 134.499 7.7 9 480 217 7
2022 9 17 16 59 49.3331 39.0884 134.097 17.3 11 3729 2956 8
2022 9 17 16 59 49.3674 39.0756 134.101 4.2 7 552 279 7
2022 9 17 17 0 58.591 39.5837 134.977 10.2 6 3175 2358 6
2022 9 17 17 0 58.8158 39.3969 134.575 4.6 5 247 40 4
2022 9 17 17 0 58.8697 39.5889 134.992 8.3 6 1908 1647 6
2022 9 17 17 0 58.9405 39.5688 134.992 11.3 14 1585 1077 9
2022 9 17 17 1 12.3164 39.5632 134.827 3.1 5 1392 258 4
2022 9 17 17 1 12.3383 39.4966 134.651 3.2 5 169 38 5
2022 9 17 17 1 50.7071 39.5507 135.657 11.7 6 87 9 4
2022 9 17 17 3 13.1634 39.2066 133.975 19.7 5 236 26 4
2022 9 17 17 3 13.5261 39.2366 133.947 10.2 7 742 282 6
2022 9 17 17 3 13.7174 39.1216 134.155 11.9 7 3019 2054 4
2022 9 17 17 3 13.8005 39.1972 134.26 23.2 6 261 27 3
2022 9 17 17 3 13.8005 39.2116 134.13 17.1 9 1252 401 6
2022 9 17 17 3 13.966 39.2559 134.164 20.2 5 264 38 4
2022 9 17 17 4 25.6684 39.0383 133.972 9 6 405 185 5
2022 9 17 17 5 50.7972 39.1035 134.043 1.5 7 37331 33863 4
2022 9 17 17 7 21.5159 39.2514 133.957 11.9 10 607 195 6
2022 9 17 17 7 42.7156 39.2146 134.413 10.2 5 395 38 2
2022 9 17 17 9 9.26389 39.1221 133.992 15.1 10 877 371 6
2022 9 17 17 9 9.26392 39.2057 133.959 1 5 3082 1662 5
2022 9 17 17 9 9.26612 39.0916 134.013 6.1 7 307 63 4
2022 9 17 17 11 19.1576 39.2289 133.974 5.2 8 6456 4258 7
2022 9 17 17 13 29.7327 39.1633 134.156 16.7 15 5446 3872 11
2022 9 17 17 13 29.7972 39.2811 134.164 15.6 8 651 269 6
2022 9 17 17 13 29.7973 39.1367 134.47 29.5 5 259 0 1
2022 9 17 17 13 30.5437 39.2412 134.126 19.8 11 2305 1987 8
2022 9 17 17 15 48.3563 39.152 134.01 4.1 6 2040 885 6
2022 9 17 17 15 48.3564 39.1985 134.112 16.9 7 543 117 3
2022 9 17 17 15 48.7055 39.319 134.055 1.8 6 826 484 6
2022 9 17 17 16 14.8668 44.5103 138.493 3.6 5 1666 1105 5
2022 9 17 17 16 14.8669 44.5266 138.736 10.4 7 344 179 3
2022 9 17 17 17 57.2678 39.2861 134.036 16 8 428 168 6
2022 9 17 17 17 57.5851 39.2788 134.396 4.7 5 114 14 4
2022 9 17 17 19 37.3926 39.1733 133.991 14 11 2112 834 7
2022 9 17 17 19 37.6622 39.213 134.312 16.3 5 136 17 3
2022 9 17 17 20 4.60337 39.6796 135.51 7.3 5 1207 950 5
2022 9 17 17 21 10.0444 39.2855 134.03 19.1 10 1375 802 8
2022 9 17 17 21 20.2052 39.2465 134.226 4.3 5 175 25 4
2022 9 17 17 21 20.3298 39.3496 134.619 4.7 8 901 292 5
2022 9 17 17 21 21.0675 39.721 134.916 13.3 14 3820 2448 10
2022 9 17 17 22 51.1822 39.133 134.637 5.9 6 215 38 5
2022 9 17 17 23 21.9113 39.2729 133.997 21.9 9 1168 358 6
2022 9 17 17 23 21.9947 39.2364 134.028 15.1 8 645 272 5
2022 9 17 17 23 22.1306 39.2819 134.006 17.1 8 505 185 6
2022 9 17 17 23 22.4879 39.1832 134.004 13.3 11 841 636 9
2022 9 17 17 23 22.6358 39.1984 134.025 15 12 2863 2438 8
2022 9 17 17 23 22.7146 39.1578 134.004 12.3 7 817 248 6
2022 9 17 17 24 36.9657 39.6145 135.461 1.9 8 1488 587 6
2022 9 17 17 24 37.064 39.5461 135.299 2.8 6 290 97 5
2022 9 17 17 24 38.2018 39.3331 134.184 10.5 11 841 422 7
2022 9 17 17 31 30.296 39.7693 135.605 20.8 8 309 100 6
2022 9 17 17 31 30.4031 39.7489 135.764 8.6 5 116 11 3
2022 9 17 17 33 7.4339 38.6864 133.16 21.9 8 490 184 6
2022 9 17 17 34 7.90848 39.7886 135.56 24.7 10 478 264 8
2022 9 17 17 34 8.36983 39.6675 135.479 1.9 6 671 186 6
2022 9 17 17 38 14.0108 39.2335 134.358 5.2 8 313 88 5
2022 9 17 17 41 18.6647 39.3232 134.795 10.6 5 6878 5258 4
2022 9 17 17 41 31.0875 39.8439 135.547 22.1 11 586 291 9
2022 9 17 17 43 31.3617 39.8753 135.509 20.6 7 279 96 6
2022 9 17 17 43 31.4443 39.761 135.51 5 8 495 250 7
2022 9 17 17 44 42.8693 39.852 135.821 10.5 6 598 131 4
2022 9 17 17 45 22.0015 39.4038 135.806 17.3 11 514 266 9
2022 9 17 17 49 14.6053 39.5759 134.843 25.5 9 292 66 7
2022 9 17 17 49 14.6699 39.5827 134.72 15.8 9 245 36 7
2022 9 17 17 51 15.4055 39.8442 135.659 9.9 7 327 165 6
2022 9 17 17 53 14.7187 39.7632 135.607 13.4 10 1822 1383 9
2022 9 17 17 53 14.7612 39.9201 135.636 25.6 10 489 193 8
2022 9 17 17 53 41.7898 39.3343 135.876 15.6 6 1238 733 5
2022 9 17 17 53 41.7898 39.4287 135.864 3.3 5 459 46 5
2022 9 17 17 53 45.0112 39.3427 134.516 9.2 5 212 57 4
2022 9 17 17 54 11.2618 39.8092 135.675 0.8 5 777 249 4
2022 9 17 17 55 17.2834 44.9449 138.472 28.5 7 6156 3155 4
2022 9 17 17 57 0.646241 39.6805 135.715 6 7 206 76 6
2022 9 17 17 58 1.33162 39.6989 134.887 28.6 6 276 84 4
2022 9 17 17 58 57.112 39.6546 134.972 13.6 7 672 190 4
2022 9 17 18 0 41.1807 39.6007 134.891 25.8 11 711 386 8
2022 9 17 18 0 41.2309 39.6094 135.181 13.7 7 222 89 5
2022 9 17 18 2 54.3485 39.6391 134.906 23.9 9 587 346 7
2022 9 17 18 2 54.4102 39.638 134.91 25.1 10 330 186 7
2022 9 17 18 4 16.0699 39.5755 134.899 5.1 8 1387 628 6
2022 9 17 18 5 10.4271 39.6592 135.181 28.9 5 165 7 3
2022 9 17 18 5 52.3948 39.6595 134.925 28.6 7 366 110 5
2022 9 17 18 5 52.4813 39.6522 134.911 28.5 8 546 243 6
2022 9 17 18 5 52.7514 39.6441 135.153 11.1 5 184 39 3
2022 9 17 18 5 52.953 39.6409 134.989 22.9 8 307 80 5
2022 9 17 18 9 17.7399 39.5684 134.91 7 8 1133 605 6
2022 9 17 18 9 55.9161 45.0992 138.841 6.5 5 545 318 5
2022 9 17 18 10 6.63194 39.5245 134.671 9.5 12 2546 1141 6
2022 9 17 18 10 6.66155 39.6213 134.67 15.8 6 409 106 5
2022 9 17 18 10 6.91945 39.635 134.712 24.4 9 1979 1432 6
2022 9 17 18 10 18.1184 39.5978 135.254 18.7 6 178 47 4
2022 9 17 18 14 44.6085 39.5451 134.687 1.5 6 787 236 5
2022 9 17 18 15 5.08302 38.9835 133.72 18.7 7 493 103 5
2022 9 17 18 19 48.5099 39.7744 135.008 14.2 13 914 686 11
2022 9 17 18 25 26.575 39.5678 135.464 2.7 6 767 391 5
2022 9 17 18 25 26.5751 39.6481 135.522 3.7 6 644 119 4
2022 9 17 18 27 33.8041 39.7601 135.048 6.5 5 596 249 4
2022 9 17 18 30 54.0545 39.5762 134.452 22.3 6 228 62 5
2022 9 17 18 37 9.14659 39.1296 133.77 1.1 5 4388 1733 4
2022 9 17 18 41 41.9843 39.8324 135.499 21.2 5 164 44 4
2022 9 17 18 42 31.5894 39.8939 136.307 11.4 5 121 37 4
2022 9 17 18 49 49.3176 43.9122 136.733 5.9 7 4198 2697 4
2022 9 17 18 49 49.3176 43.9674 136.733 2.1 6 9570 5961 6
2022 9 17 18 52 34.1204 44.5824 138.475 5.5 5 374 136 4
2022 9 17 18 52 34.1507 44.6099 138.486 1.9 5 187 81 5
2022 9 17 18 53 43.2848 44.4074 137.697 8.1 11 4049 3365 7
2022 9 17 18 56 36.2905 39.4597 134.779 8.8 5 67 19 4
2022 9 17 18 58 34.2893 39.704 135.141 3.9 6 1089 572 4
2022 9 17 18 59 55.9091 39.0865 133.857 5.3 8 643 197 7
2022 9 17 18 59 56.043 39.045 133.832 10.4 6 954 366 6
2022 9 17 19 3 21.2086 44.4534 137.886 11.8 5 171 76 5
2022 9 17 19 5 50.017 39.3678 134.155 8.5 7 4809 3724 7
2022 9 17 19 5 50.017 39.3886 134.199 14.9 6 730 118 2
2022 9 17 19 7 11.1136 44.3989 137.725 12.8 9 4095 3663 7
2022 9 17 19 11 51.8789 39.8719 135.791 7.9 7 362 170 5
2022 9 17 19 14 2.31544 39.4049 134.142 16.6 5 133 43 4
2022 9 17 19 14 7.5754 44.828 138.902 9.1 5 2271 1990 5
2022 9 17 19 15 22.0477 44.4843 137.823 4.6 6 565 291 3
2022 9 17 19 16 14.3615 39.913 136.487 8.3 5 185 76 4
2022 9 17 19 16 14.4408 39.8687 136.448 15.1 9 501 223 9
2022 9 17 19 17 27.9914 39.4507 134.14 18 5 342 112 4
2022 9 17 19 18 47.9839 39.9395 136.513 10.1 9 791 514 8
2022 9 17 19 20 23.8133 39.9825 136.518 7.7 6 275 168 5
2022 9 17 19 23 41.8962 39.3794 134.496 13.2 7 13990 12969 7
2022 9 17 19 23 41.9471 39.405 134.189 1.3 5 360 98 4
2022 9 17 19 23 41.9925 39.4892 134.382 6.2 5 433 269 5
2022 9 17 19 25 19.2302 39.4501 134.279 7.4 6 4401 0 1
2022 9 17 19 25 19.2302 39.5213 134.343 15.1 9 9569 8384 8
2022 9 17 19 25 31.8796 45.1879 140.454 27.1 8 831 368 5
2022 9 17 19 29 6.80898 39.4012 133.94 9.7 5 2428 1139 2
2022 9 17 19 29 6.80907 39.4705 134.306 4.8 6 8709 6488 5
2022 9 17 19 29 6.84496 39.5136 134.302 3.6 6 2510 2255 6
2022 9 17 19 30 51.5464 39.3262 134.403 15.5 7 977 754 6
2022 9 17 19 31 10.3479 39.6112 134.991 2.1 6 1112 220 4
2022 9 17 19 32 7.6551 40.1188 136.663 9.1 5 198 74 4
2022 9 17 19 32 15.2746 39.8124 135.412 9.3 5 755 513 5
2022 9 17 19 33 45.2356 45.122 140.394 5.4 5 231 86 4
2022 9 17 19 33 45.286 45.1359 140.374 10.7 12 1873 824 7
2022 9 17 19 33 48.2065 39.8484 135.197 12.2 6 805 670 6
2022 9 17 19 35 10.7558 39.2951 134.149 16.5 9 1756 911 8
2022 9 17 19 35 27.434 39.8011 134.886 8.6 5 147 50 4
2022 9 17 19 35 48.33 45.2049 140.433 19.5 6 253 101 4
2022 9 17 19 38 14.7104 39.8382 135.684 16.2 7 851 284 6
2022 9 17 19 39 25.0937 44.9635 139.315 6.7 5 134 54 5
2022 9 17 19 39 25.1223 44.9542 139.292 12 10 7928 7347 7
2022 9 17 19 40 10.9017 45.2175 140.654 14.1 7 188 63 5
2022 9 17 19 40 26.9182 39.4599 134.885 8.5 5 955 633 5
2022 9 17 19 41 28.0577 39.7959 135.224 4.3 6 4710 4588 5
2022 9 17 19 43 13.8887 39.9087 135.425 16.9 6 2621 2401 6
2022 9 17 19 43 52.6442 39.8685 134.775 16.7 8 6429 5150 6
2022 9 17 19 44 21.6263 45.1309 140.52 11 6 1687 1260 5
2022 9 17 19 44 42.8863 39.322 134.213 10.3 13 2826 1420 8
2022 9 17 19 44 43.8483 40.115 136.478 8.2 5 507 260 5
2022 9 17 19 45 38.9861 39.9081 135.362 8.4 5 188 65 4
2022 9 17 19 45 39.0665 39.9668 135.348 16.2 10 590 342 8
2022 9 17 19 45 53.225 44.8998 139.218 8.2 7 19257 16404 5
2022 9 17 19 45 53.2581 44.9295 139.374 13.5 5 529 377 5
2022 9 17 19 47 31.5356 39.3741 134.299 15.4 6 846 117 5
2022 9 17 19 47 31.644 39.527 134.296 18.3 5 1359 741 4
2022 9 17 19 49 45.448 39.3642 134.237 5.2 9 1730 758 6
2022 9 17 19 49 45.7506 39.3929 134.265 1.4 5 222 78 4
2022 9 17 19 50 56.7177 40.0063 135.819 9 5 176 71 4
2022 9 17 19 50 56.7256 40.0305 135.832 2.8 6 256 122 5
2022 9 17 19 51 40.6658 39.3314 134.234 8 5 6489 0 1
2022 9 17 19 51 40.7232 39.5394 134.306 18 5 95 39 4
2022 9 17 19 53 34.2824 39.7721 135.049 18.8 6 494 382 5
2022 9 17 19 54 48.8544 39.6406 134.656 7.8 10 625 355 7
2022 9 17 19 55 6.60388 39.469 134.256 2.5 5 1025 244 5
2022 9 17 19 55 6.60389 39.4712 134.328 21.4 7 6683 5879 7
2022 9 17 19 56 22.6759 45.3359 140.849 4.5 11 1079 826 9
2022 9 17 19 57 20.2217 44.9704 139.407 15.3 6 2720 2541 6
2022 9 17 19 57 37.9129 39.7578 135.076 9.5 8 1204 978 6
2022 9 17 19 59 37.1639 45.3713 140.939 1.7 5 198 74 5
2022 9 17 20 0 17.2217 40.2595 136.274 9.9 8 7464 5694 8
2022 9 17 20 0 17.2218 40.3665 136.278 9.5 5 3955 0 1
2022 9 17 20 1 22.5304 45.3999 140.986 2.6 5 183 76 4
2022 9 17 20 1 22.6035 45.3606 141.013 8.8 10 1185 901 10
2022 9 17 20 1 58.1358 45.4016 140.951 13.6 8 1389 1029 8
2022 9 17 20 1 58.2143 45.393 140.976 8.5 5 112 49 4
2022 9 17 20 5 7.74164 39.4789 134.406 6.9 10 712 406 8
2022 9 17 20 5 58.4874 39.8782 135.269 20.6 6 2491 2230 6
2022 9 17 20 6 20.2933 45.3671 141.103 17.4 6 84 28 5
2022 9 17 20 6 36.9873 39.669 135.046 6.2 12 6567 4238 7
2022 9 17 20 6 36.9873 39.5816 134.966 9.2 6 2731 98 3
2022 9 17 20 7 43.917 45.3842 141.046 15.8 10 3973 2981 8
2022 9 17 20 7 45.2278 39.5872 134.475 14.3 8 1061 983 8
2022 9 17 20 8 59.327 45.5936 141.075 0.7 5 3098 2554 4
2022 9 17 20 9 32.1471 40.3319 136.391 9.7 7 1760 1350 6
2022 9 17 20 10 9.10177 40.0186 136.195 15.6 7 1500 1432 6
2022 9 17 20 14 1.88451 39.9356 135.287 5.3 6 1597 1362 6
2022 9 17 20 14 1.96677 39.847 135.341 9.8 8 216 141 7
2022 9 17 20 15 43.6722 45.4123 141.473 13.4 8 806 623 7
2022 9 17 20 16 16.2321 40.2873 136.799 24 6 299 57 4
2022 9 17 20 17 58.7174 45.4309 141.156 9.1 10 1764 1058 9
2022 9 17 20 17 58.7187 45.4041 141.223 4.4 5 34 12 4
2022 9 17 20 19 41.6888 40.0375 135.927 12.4 8 1674 1350 6
2022 9 17 20 19 41.7127 40.0089 135.922 18.3 6 48 6 4
2022 9 17 20 19 49.382 39.4007 134.888 18.1 7 139 35 5
2022 9 17 20 19 49.3887 39.4283 134.962 20.2 10 670 394 8
2022 9 17 20 21 8.57886 45.3836 141.52 17.9 6 45 21 6
2022 9 17 20 22 42.1223 39.7009 135.127 12.5 5 496 296 5
2022 9 17 20 24 41.6472 40.0802 135.548 12.6 6 50 9 4
2022 9 17 20 26 55.7971 39.9598 135.681 14.5 7 64 17 5
2022 9 17 20 28 35.1961 39.2877 135.936 4.6 6 974 700 5
2022 9 17 20 28 35.5425 39.329 135.797 17.4 7 153 32 4
2022 9 17 20 29 55.8838 45.4892 141.695 12.5 5 48 15 5
2022 9 17 20 30 33.95 45.0244 141.316 12.5 11 382 218 8
2022 9 17 20 31 41.7172 39.2583 135.827 9.1 5 10182 9592 5
2022 9 17 20 31 41.7172 39.4342 135.603 1.3 5 821 325 5
2022 9 17 20 33 27.0126 45.5292 141.706 8.6 11 942 609 10
2022 9 17 20 33 27.2982 45.497 141.706 23.2 7 261 127 6
2022 9 17 20 33 27.3226 45.5032 141.708 16.1 9 136 72 7
2022 9 17 20 33 27.3389 45.5044 141.729 22.2 5 74 30 5
2022 9 17 20 33 29.8383 39.5407 135.874 3 6 407 286 5
2022 9 17 20 35 40.1196 39.463 135.824 9.3 6 6414 3980 5
2022 9 17 20 35 58.7458 40.2538 136.894 14.5 10 6992 5482 9
2022 9 17 20 38 59.5053 40.3339 136.801 24.2 6 353 198 3
2022 9 17 20 39 15.4819 45.0503 141.045 3.8 5 1506 197 5
2022 9 17 20 39 15.5467 45.2478 141.459 9.8 5 1079 126 5
2022 9 17 20 42 4.08258 39.5423 135.78 16.1 6 263 102 4
2022 9 17 20 42 4.16226 39.5188 135.83 14.6 7 179 51 4
2022 9 17 20 42 7.12544 45.2687 140.116 12.9 5 17 1 4
2022 9 17 20 47 54.0461 40.3501 136.638 13.2 6 1108 468 4
2022 9 17 20 48 7.03041 39.491 136.048 14.4 9 2348 1779 8
2022 9 17 20 50 7.18325 39.4347 135.876 17.6 6 684 322 6
2022 9 17 20 50 21.8781 40.4328 136.626 10.4 6 436 166 5
2022 9 17 20 52 5.76728 40.2674 136.594 13.7 8 509 250 6
2022 9 17 20 52 54.1001 45.3508 140.329 7.5 7 813 307 5
2022 9 17 20 55 16.2366 40.4501 137.02 13.7 6 70 17 4
2022 9 17 21 3 20.1698 40.4888 137.116 16.4 6 128 35 4
2022 9 17 21 3 33.4536 40.1391 136.762 16.8 6 94 14 3
2022 9 17 21 11 7.23497 40.1166 136.648 19.1 6 372 178 3
2022 9 17 21 13 4.69523 40.2497 136.87 18 6 42 4 4
2022 9 17 21 18 54.9 40.3132 137.075 4.5 5 3392 2788 4
2022 9 17 21 18 54.9 40.3343 137.02 5.2 9 5991 2716 7
2022 9 17 21 19 44.7862 40.0498 135.727 9 6 30 3 4
2022 9 17 21 20 49.9481 40.3089 137.185 13 6 52 10 4
2022 9 17 21 22 4.10699 39.3293 136.086 21.8 5 190 111 3
2022 9 17 21 22 4.15531 39.436 136.087 11.8 8 1217 198 5
2022 9 17 21 24 15.9841 39.9017 136.993 6.2 6 106 7 3
2022 9 17 21 26 44.0446 40.4001 137.244 17.7 8 1833 1081 6
2022 9 17 21 28 15.5274 40.2926 136.967 11.4 7 2454 142 5
2022 9 17 21 28 15.9303 40.155 136.93 14.9 9 590 334 7
2022 9 17 21 29 8.05968 39.5175 135.805 19.1 5 565 124 3
2022 9 17 21 30 58.4761 40.3274 137.152 7.6 6 231 121 5
2022 9 17 21 37 42.9359 39.4909 136.614 16.2 7 85 22 4
2022 9 17 21 37 43.0166 39.5141 136.62 19.5 6 103 48 3
2022 9 17 21 40 32.3532 40.7098 137.519 7.9 11 1045 542 8
2022 9 17 21 40 32.4245 40.7402 137.447 16.9 13 676 488 9
2022 9 17 21 45 19.2877 39.99 137.063 15.7 7 70 17 4
2022 9 17 21 46 49.1777 39.9973 137.168 7.4 6 22 5 3
2022 9 17 21 47 51.3939 40.0089 137.107 13.9 8 57 12 4
2022 9 17 21 50 58.0405 40.0526 137.147 12.8 6 156 53 4
2022 9 17 22 0 20.4374 40.2966 137.136 11.7 5 1651 548 4
2022 9 17 22 0 20.4374 40.2258 137.218 13.3 8 426 160 5
2022 9 17 22 3 32.4451 39.777 136.33 4.2 8 1097 330 6
2022 9 17 22 6 57.1738 39.8034 136.4 17.5 6 38 16 3
2022 9 17 22 10 26.8048 39.7601 137.281 18.3 7 90 27 3
2022 9 17 22 19 19.3389 39.9485 137.38 11 6 946 574 4
2022 9 17 22 26 2.26481 40.0571 136.964 13.3 8 70 16 4
2022 9 17 22 26 2.37914 40.0461 136.943 2.2 5 600 132 4
2022 9 17 22 26 2.37915 40.0994 136.959 10.4 6 801 460 5
2022 9 17 22 35 50.7693 40.1869 136.988 9 5 54 9 4
2022 9 17 22 38 51.0598 40.1477 137.663 18.7 7 280 97 4
2022 9 17 22 52 58.1542 40.894 138.124 0.8 5 617 267 5
2022 9 17 22 52 58.2673 40.8676 138.167 14.5 7 1531 643 7
2022 9 17 22 59 17.6607 40.6057 138.233 0.7 5 1461 327 5
2022 9 17 23 4 29.2513 40.2495 138.002 12.5 9 2953 1767 7
2022 9 17 23 15 21.9223 40.0838 137.502 13.1 7 2904 1415 5
2022 9 17 23 15 21.9224 40.2401 137.828 2.4 5 646 187 5
2022 9 17 23 15 22.1728 40.1033 137.369 5 6 35 7 4
2022 9 17 23 17 57.3065 40.0556 137.539 9.3 5 85 31 4
2022 9 17 23 20 0.357687 39.755 137.062 19.2 6 78 19 4
2022 9 17 23 24 29.3754 40.1035 137.254 5.4 5 42 7 4
2022 9 17 23 25 45.3978 40.0447 137.527 7.5 5 377 23 3
2022 9 17 23 25 45.4894 40.0162 137.637 22.8 7 357 89 4
2022 9 17 23 29 42.3785 40.4359 138.188 4.8 9 10479 8379 7
2022 9 17 23 34 59.0025 40.1045 137.469 5.2 6 2003 446 5
2022 9 17 23 37 1.59867 45.529 138.38 9.8 7 4553 2437 6
2022 9 17 23 39 32.1516 45.5528 138.337 8 5 77 16 4
2022 9 17 23 39 32.2419 45.4811 138.359 17.6 5 85 17 5
2022 9 17 23 39 32.366 45.5036 138.402 12.8 6 44 10 5
2022 9 17 23 40 37.7429 39.652 135.77 4.6 5 19 3 4
2022 9 17 23 41 35.2706 45.549 138.658 11.6 5 66 26 4
2022 9 17 23 47 19.7201 40.0923 137.582 11.8 9 4589 2846 8
2022 9 17 23 49 41.396 39.8266 135.984 5.4 5 432 197 5
2022 9 17 23 53 27.3574 39.8076 135.967 0.8 5 727 155 5
2022 9 17 23 53 27.3574 39.8776 135.949 9.7 6 1124 768 5
2022 9 17 23 56 43.389 40.3319 137.862 1.5 5 2809 749 5
2022 9 18 0 5 29.8494 45.6272 138.793 6.7 5 3560 862 2
2022 9 18 0 21 40.1201 45.705 139.384 12.4 7 64 6 6
2022 9 18 0 22 48.4516 39.9602 136.663 9.3 10 1130 364 6
2022 9 18 0 27 53.503 45.7976 139.417 12 6 403 98 4
2022 9 18 0 27 53.5135 45.8039 139.381 5.9 5 4285 1851 4
2022 9 18 0 28 2.64045 40.6766 138.396 11.1 8 840 361 6
2022 9 18 0 28 25.8882 40.1517 136.65 8.8 5 1128 434 4
2022 9 18 0 28 55.8866 45.6692 139.132 5.7 5 936 423 3
2022 9 18 0 31 11.9875 40.078 136.458 7.1 7 206 110 5
2022 9 18 0 40 36.0253 45.6633 139.464 13.9 5 32 3 5
2022 9 18 0 40 51.4996 45.6658 139.29 8.1 6 37 1 5
2022 9 18 0 46 40.6514 45.6788 139.422 7 5 46 16 4
2022 9 18 0 47 47.3121 40.1835 136.892 20.7 11 7715 2688 8
2022 9 18 0 47 47.3769 40.2254 136.935 10.3 10 1192 616 10
2022 9 18 0 51 38.2153 45.7416 139.334 9 7 1650 1085 6
2022 9 18 0 51 38.2379 45.7033 139.368 23.4 5 114 32 4
2022 9 18 0 53 54.9877 45.8327 139.727 7.9 6 283 44 5
2022 9 18 0 55 6.65179 40.3739 137.037 3.6 6 3370 2315 6
2022 9 18 0 55 41.0821 45.79 139.582 10.3 9 712 197 4
2022 9 18 1 0 21.4785 45.7442 139.693 13.1 7 58 7 6
2022 9 18 1 1 27.6755 45.7526 139.672 12 7 187 51 6
2022 9 18 1 2 45.4723 40.3034 137.071 11.5 5 1823 538 5
2022 9 18 1 13 26.1961 39.3968 136.839 2.6 5 698 255 5
2022 9 18 1 17 31.9086 40.4512 138.805 7.5 5 624 275 5
2022 9 18 1 19 35.2101 45.8407 139.701 14.2 5 29 4 5
2022 9 18 1 28 34.0279 45.2344 140.585 11.3 7 577 189 4
2022 9 18 1 29 2.35862 45.7073 139.743 9.4 6 230 121 5
2022 9 18 1 30 22.7405 45.667 139.797 27.6 7 160 41 5
2022 9 18 1 37 23.7035 45.8751 140.196 22.7 7 151 38 6
2022 9 18 1 39 9.01971 45.8627 140.275 19.7 5 35 7 4
2022 9 18 1 46 47.9764 44.2769 138.355 11.4 11 9648 7572 8
2022 9 18 1 51 17.8001 45.9671 140.167 11.6 7 468 41 4
2022 9 18 1 56 59.0952 45.872 140.393 9 8 319 113 7
2022 9 18 1 56 59.2356 45.9308 140.47 12.9 7 517 173 6
2022 9 18 2 0 43.4106 45.9864 140.46 7.7 6 1922 1318 5
2022 9 18 2 6 57.4589 45.8869 140.702 1.7 6 6410 2483 6
2022 9 18 2 10 58.3899 46.0492 140.774 24.3 5 495 4 4
2022 9 18 5 2 38.753 45.9273 140.871 14.8 7 581 21 4
2022 9 18 6 19 52.5304 46.2143 141.186 11.5 9 586 291 7
2022 9 18 13 15 53.1217 45.405 141.391 5.2 8 1721 317 8
2022 9 18 13 53 5.57655 45.4624 141.525 6.5 6 284 76 6
2022 9 18 15 7 9.10614 45.5208 140.938 7 8 1627 700 6
2022 9 18 15 8 30.6274 45.5502 140.957 2.5 6 616 269 6
2022 9 18 15 12 43.5073 45.5956 141.317 5.1 5 312 164 5
2022 9 18 15 12 43.5477 45.6432 141.34 10.7 11 1695 912 8
2022 9 18 15 23 33.4493 45.6715 141.462 4.2 5 311 220 3
2022 9 18 15 27 38.0911 45.7248 141.741 1.1 5 621 28 3
2022 9 18 15 27 38.197 45.7443 141.457 8.4 8 4221 1070 4
2022 9 18 15 27 38.1971 45.7853 141.419 7.7 6 9577 4826 5
2022 9 18 18 9 54.8244 38.0608 133.129 11.7 7 338 116 4
2022 9 18 18 20 38.7305 38.1924 133.262 9 9 919 432 7
2022 9 18 18 25 34.0278 38.181 133.052 10.2 11 1105 524 8
2022 9 18 18 40 26.5646 37.8358 133.175 6.1 6 282 77 5
2022 9 18 18 44 51.8618 38.0207 133.26 12.5 5 176 5 4
2022 9 18 18 53 50.5095 38.1328 133.376 0.5 5 700 231 3
2022 9 18 18 57 57.9512 37.8797 133.604 26.9 6 210 31 6
2022 9 18 19 28 32.6821 38.05 133.695 4.9 6 1221 558 6
2022 9 18 19 29 49.7881 38.122 133.653 13.3 5 136 21 4
2022 9 18 19 35 2.14757 37.9894 133.528 5 5 1271 564 5
2022 9 18 19 35 2.14758 37.999 133.494 9.1 6 984 423 5
2022 9 18 19 35 2.17621 38.031 133.515 10.6 15 1852 631 12
2022 9 18 19 35 15.3474 38.3312 133.753 6.6 5 221 62 5
2022 9 18 19 35 15.4296 38.3637 133.737 15.7 8 405 176 5
2022 9 18 19 37 3.35641 38.1089 133.92 4.4 7 879 631 7
2022 9 18 19 38 35.817 38.0979 133.928 9.4 6 215 54 5
2022 9 18 19 38 36.7702 37.9386 133.583 9.2 11 1813 1582 9
2022 9 18 19 51 49.6794 38.2108 133.858 23.1 6 333 152 6
2022 9 18 19 54 46.3375 38.3004 133.957 17.3 7 2796 2342 7
2022 9 18 19 56 12.0464 38.2728 133.841 8.5 13 955 244 8
2022 9 18 19 57 58.0598 38.3134 133.95 7.7 7 403 92 6
2022 9 18 19 57 58.2398 38.4456 133.942 18.7 9 772 546 8
2022 9 18 19 59 11.4804 38.1416 134.264 4.1 6 660 490 6
2022 9 18 20 0 6.6233 38.3327 133.994 7.4 5 505 159 5
2022 9 18 20 0 6.62332 38.3604 133.999 6.4 6 478 169 6
2022 9 18 20 1 20.9388 38.0493 133.758 5.5 5 571 233 5
2022 9 18 20 1 20.9388 38.1102 133.738 10.2 10 896 271 8
2022 9 18 20 1 23.69 38.1653 133.957 16.4 7 934 214 6
2022 9 18 20 1 23.7273 38.1502 133.959 5.8 11 4379 3728 9
2022 9 18 20 3 31.8358 38.3701 133.903 6.6 7 1124 445 7
2022 9 18 20 3 50.2255 38.2097 134.1 8.8 10 977 320 8
2022 9 18 20 4 34.4649 38.4688 133.857 18 7 189 96 6
2022 9 18 20 5 10.4038 38.1084 133.755 3.3 5 323 17 5
2022 9 18 20 5 26.5591 38.0229 134.039 6.8 5 1069 938 5
2022 9 18 20 5 26.5591 38.1419 133.902 19.6 6 383 92 4
2022 9 18 20 5 27.2706 37.9241 134.341 7.9 5 597 520 5
2022 9 18 20 7 46.4181 38.3546 133.819 5.8 7 687 397 6
2022 9 18 20 11 10.3006 38.3375 133.799 10.2 7 3521 59 3
2022 9 18 20 11 10.3006 38.3581 133.821 9.6 6 6655 1486 6
2022 9 18 20 12 2.19705 38.3561 134 14.1 5 3148 128 2
2022 9 18 20 12 2.19713 38.2303 134.26 9.3 7 2044 670 6
2022 9 18 20 12 21.7215 38.1809 134.03 5.4 6 1001 854 5
2022 9 18 20 18 9.24842 38.4826 134.08 8.1 7 336 68 4
2022 9 18 20 18 13.2894 38.384 133.993 23.9 7 610 429 6
2022 9 18 20 21 22.5308 38.3518 134.19 8.7 7 1605 1338 7
2022 9 18 20 24 42.9626 38.375 134.27 9.6 12 1113 780 9
2022 9 18 20 29 42.4578 38.5133 134.303 14.9 9 1406 582 6
2022 9 18 20 34 16.6466 38.4914 134.31 5.3 8 707 574 8
2022 9 18 20 35 58.441 38.5081 134.175 15 10 897 754 9
2022 9 18 20 36 26.937 38.2503 134.515 9.8 5 104 25 5
2022 9 18 20 37 53.6018 38.5261 134.313 1.4 5 73 22 4
2022 9 18 20 39 28.0586 38.4212 134.626 3.9 5 13984 660 4
2022 9 18 20 39 28.0851 38.4518 134.551 7.2 6 60 13 5
2022 9 18 20 41 26.4714 38.4254 134.479 7.5 5 338 108 4
2022 9 18 20 44 26.2976 38.325 134.635 13.1 6 742 652 5
2022 9 18 20 44 45.8761 38.3227 134.573 15.5 9 1738 1202 8
2022 9 18 20 45 9.85599 38.2692 134.41 5.7 6 477 394 4
2022 9 18 20 45 51.2942 38.2975 134.437 2.8 7 571 445 6
2022 9 18 20 45 52.7238 38.5847 134.774 1.7 5 126 43 4
2022 9 18 20 46 15.6871 38.6523 134.578 5 6 916 644 5
2022 9 18 20 48 56.6317 38.6945 134.499 11.8 6 993 687 5
2022 9 18 20 51 55.3187 38.7031 134.28 9.4 5 4257 3352 4
2022 9 18 20 53 39.1105 38.052 134.424 3.1 6 3521 3116 6
2022 9 18 20 53 39.1106 38.1447 134.342 8.5 8 874 506 6
2022 9 18 20 56 45.373 38.7436 134.485 7.2 6 1630 602 6
2022 9 18 21 2 11.8189 38.0048 134.661 17.2 5 65 2 4
2022 9 18 21 4 3.02334 38.496 134.57 1.9 5 1246 226 5
2022 9 18 21 4 3.02335 38.5299 134.523 12.3 8 1748 907 4
2022 9 18 21 4 3.02336 38.5672 134.518 15 7 2246 1841 5
2022 9 18 21 5 7.42125 38.219 134.357 14.9 7 1795 1380 6
2022 9 18 21 9 30.7256 38.1145 134.547 3.7 5 588 269 4
2022 9 18 21 9 30.7256 38.1574 134.526 12.4 5 697 385 4
2022 9 18 21 10 1.07501 38.5605 134.778 19.1 6 550 284 6
2022 9 18 21 13 33.1637 38.2123 134.814 7.2 6 400 171 6
2022 9 18 21 13 50.3984 38.3354 134.676 17.2 5 78 32 5
2022 9 18 21 19 34.0645 37.8726 134.399 7 11 910 619 9
2022 9 18 21 26 29.0252 38.7493 134.733 8.7 13 2462 1345 10
2022 9 18 21 28 6.97695 38.256 134.78 17.1 9 383 200 7
2022 9 18 21 28 31.9703 37.9785 134.356 2.7 5 222 109 4
2022 9 18 21 28 48.2997 38.1947 134.87 11.2 6 344 201 6
2022 9 18 21 30 40.104 38.1346 134.634 15.7 5 738 313 5
2022 9 18 21 33 52.8705 37.9414 134.37 16.5 5 215 35 4
2022 9 18 21 39 23.1038 38.5219 134.707 26.1 5 244 91 4
2022 9 18 21 45 59.4549 38.3621 134.673 8.1 10 911 264 7
2022 9 18 21 47 53.4531 38.5617 134.975 14.8 8 1522 260 5
2022 9 18 21 47 53.4531 38.6095 135.019 8.3 5 1556 901 5
2022 9 18 21 48 37.8429 38.4149 135.078 13.3 6 1009 84 5
2022 9 18 21 53 31.0347 38.0886 134.605 7.3 10 2906 1084 9
2022 9 18 21 55 41.4341 38.5899 134.909 11.7 6 4101 405 6
2022 9 18 21 55 41.4342 38.7129 134.941 1.1 5 1730 244 3
2022 9 18 21 56 24.0318 38.1566 134.587 6.1 10 1585 361 8
2022 9 18 21 59 49.8236 38.6018 135.094 15.6 5 61 5 4
2022 9 18 22 1 42.212 38.1249 134.858 8.1 9 1063 391 6
2022 9 18 22 2 11.2052 38.8975 135.07 10.1 6 550 284 6
2022 9 18 22 4 33.6182 37.7263 135.106 10.3 6 2235 1603 6
2022 9 18 22 9 28.6201 38.8055 135.108 16.3 8 617 250 6
2022 9 18 22 9 28.6201 38.8959 135.142 8.2 6 1027 275 4
2022 9 18 22 13 46.7007 38.6466 135.261 5.5 7 4640 1803 6
2022 9 18 22 13 46.7007 38.6922 135.223 5.9 6 7037 3721 4
2022 9 18 22 16 35.9843 37.8023 135.22 8.3 5 153 76 5
2022 9 18 22 20 31.5434 37.8742 135.264 17.5 5 69 13 4
2022 9 18 22 22 20.9457 38.4176 134.966 21.1 5 210 46 4
2022 9 18 22 22 40.9106 38.8522 135.43 12.4 5 175 87 5
2022 9 18 22 23 58.1927 38.0091 135.114 15.6 5 308 99 4
2022 9 18 22 25 47.7604 38.2513 135.035 14.7 5 237 94 4
2022 9 18 22 37 26.1975 38.4765 135.092 8.6 6 2454 1713 6
2022 9 18 22 37 26.1976 38.5937 135.251 11.1 6 2871 564 4
2022 9 18 22 39 30.5828 38.453 134.991 16.9 10 1253 514 7
2022 9 18 22 40 23.1874 38.2644 135.155 10.6 10 1055 358 8
2022 9 18 22 44 17.1599 39.1004 135.262 10.9 6 972 125 4
2022 9 18 22 45 35.9929 38.166 135.279 14.2 9 9229 3395 9
2022 9 18 22 48 41.8845 38.2878 135.21 10.5 6 2183 1246 6
2022 9 18 22 59 28.5988 38.1667 135.429 13.5 6 4118 686 6
2022 9 18 22 59 28.673 38.2712 135.346 6.7 7 1209 734 5
2022 9 19 2 32 31.8686 41.1814 137.661 12.2 5 690 377 5
2022 9 19 2 32 31.9028 41.1254 137.714 14.5 6 268 54 5
2022 9 19 2 33 38.2764 41.1219 137.7 15.7 6 104 20 4
2022 9 19 2 37 42.329 41.1639 137.731 22.1 5 437 1 3
2022 9 19 2 37 42.3681 41.1692 137.726 16 6 73 14 4
2022 9 19 2 38 52.881 41.2074 137.759 9.3 5 176 66 5
2022 9 19 3 0 58.633 41.4724 138.039 8.5 5 790 214 5
2022 9 19 3 11 53.5705 41.7412 138.157 6.7 5 197 50 4
2022 9 19 3 16 34.8631 41.7551 138.341 22.8 6 204 39 3
2022 9 19 3 21 54.848 41.4236 137.949 11.4 7 543 78 7
2022 9 19 3 22 38.3518 41.7797 138.341 10.7 5 345 60 3
2022 9 19 3 30 46.7853 41.9111 138.442 8.4 6 818 369 5
2022 9 19 3 32 32.2026 42.3648 138.552 11.1 6 1869 0 1
2022 9 19 3 37 32.639 41.7501 138.307 11 6 1234 117 4
2022 9 19 3 52 40.7094 41.8134 138.362 9.1 6 13661 5754 3
2022 9 19 3 52 40.7926 41.8129 138.417 7.1 8 2196 980 7
2022 9 19 3 54 27.8226 42.3262 139.084 6.1 6 1414 512 6
2022 9 19 4 0 53.2392 41.8641 138.707 5 6 1466 556 5
2022 9 19 4 6 12.7283 42.0039 138.706 6.3 5 336 142 3
2022 9 19 4 8 49.5442 42.2205 139.044 20.3 6 188 20 4
2022 9 19 4 13 15.89 42.0376 138.837 10.9 12 2662 1868 9
2022 9 19 4 16 13.0255 42.3888 139.308 7.4 6 226 43 4
2022 9 19 4 17 27.1321 42.368 139.235 5.1 5 192 62 4
2022 9 19 4 21 51.9838 42.4774 139.057 10.2 9 1479 575 6
2022 9 19 4 29 30.5024 42.5378 139.13 5.4 10 1402 342 7
2022 9 19 4 32 58.9976 42.5419 139.489 20.9 10 1108 698 6
2022 9 19 4 32 59.1318 42.5737 139.561 4.8 6 160 33 5
2022 9 19 4 34 32.4482 42.5404 139.362 4.7 5 103 22 3
2022 9 19 4 36 26.0931 42.6377 139.603 10.9 5 72 23 3
2022 9 19 4 37 26.0806 42.6625 139.591 9.3 8 1189 515 6
2022 9 19 4 38 26.1572 41.941 138.584 6.9 7 2383 1396 5
2022 9 19 4 39 25.7016 42.3557 139.072 8 8 1095 466 5
2022 9 19 4 42 59.4009 42.7001 139.704 8 5 4938 293 3
2022 9 19 4 46 56.3327 41.9897 138.579 14.7 10 901 616 7
2022 9 19 4 48 8.32105 42.634 139.444 9 5 220 30 4
2022 9 19 4 55 44.5591 42.787 139.823 5.5 9 399 214 7
2022 9 19 4 58 7.50877 42.7934 139.646 9.5 11 1739 1057 10
2022 9 19 4 59 4.77276 42.1288 138.905 4.7 5 143 10 4
2022 9 19 5 3 10.3645 42.8374 139.678 11 8 1371 304 4
2022 9 19 5 3 47.2251 42.226 138.927 10.7 11 1515 400 8
2022 9 19 5 6 10.7011 42.5551 139.574 1.3 5 3237 653 5
2022 9 19 5 8 4.97321 43.0058 140.216 7.4 5 738 142 2
2022 9 19 5 9 46.5367 42.9414 139.878 5.6 5 171 24 4
2022 9 19 5 10 37.2272 42.2054 138.969 7.2 9 408 65 5
2022 9 19 5 16 41.2959 43.0818 140.014 4.6 5 178 4 3
2022 9 19 5 16 41.4075 43.1026 139.983 7.2 8 305 62 5
2022 9 19 5 16 55.4244 42.954 140.179 7.5 7 1194 421 5
2022 9 19 5 17 14.3508 42.3965 139.42 10.8 11 5377 2408 8
2022 9 19 5 18 56.6743 43.0492 139.974 8.7 7 1302 257 7
2022 9 19 5 20 17.3082 42.7501 139.795 5.6 9 1185 580 7
2022 9 19 5 23 43.9733 43.0628 139.994 7.2 5 534 73 4
2022 9 19 5 25 27.1322 42.4802 139.545 11 5 12355 10350 3
2022 9 19 5 25 27.1322 42.6484 139.608 9 5 0 0 0
2022 9 19 5 25 27.1322 42.4694 139.582 18.6 10 6202 1188 7
2022 9 19 5 26 16.292 42.8745 139.933 9 6 95 14 4
2022 9 19 5 28 50.1231 42.9744 139.974 5.5 7 423 194 6
2022 9 19 5 28 52.0928 42.9113 140.325 3.9 5 2534 1019 5
2022 9 19 5 31 40.5674 42.8552 140.003 7.6 5 169 52 4
2022 9 19 5 32 49.3614 42.9911 139.953 6.6 7 169 34 4
2022 9 19 5 49 30.1931 42.9608 140.125 3.3 5 244 109 3
2022 9 19 5 49 30.6526 43.145 140.246 4 5 135 42 3
2022 9 19 5 49 39.6315 42.6771 139.648 6.7 5 150 37 3
2022 9 19 6 10 19.957 42.735 139.954 11.3 7 611 378 4
2022 9 19 6 16 12.2748 43.3393 141.148 7.8 5 244 77 4
2022 9 19 6 17 8.36089 42.7963 139.929 5.9 5 860 283 3
2022 9 19 6 20 55.7074 43.3969 141.191 8.6 12 1207 475 8
2022 9 19 6 23 23.48 42.9548 139.998 3.7 8 570 124 6
2022 9 19 6 39 20.2547 43.0305 140.359 7.6 8 592 179 5
2022 9 19 6 42 56.4849 43.1193 140.348 9.6 9 1674 424 5
2022 9 19 7 23 32.8162 43.3045 141.159 10.6 9 2101 495 6
2022 9 19 7 54 47.8566 43.2674 141.071 4.6 5 207 48 4
2022 9 19 11 55 51.9121 43.0832 140.162 14.1 6 2184 813 2
2022 9 19 11 55 51.9121 43.0044 140.307 6.9 7 8842 1186 7
2022 9 19 13 40 21.9848 41.6806 139.762 6.6 5 340 116 5
2022 9 22 15 28 58.9625 38.3721 135.138 19.9 5 2648 952 3
2022 9 23 6 2 40.3663 40.8486 129.716 10.3 5 178 56 5
2022 9 23 6 25 26.0531 41.072 129.879 18.3 6 132 57 6
2022 9 23 6 38 52.2782 40.8269 130.067 10.7 5 127 3 4
2022 9 23 7 7 35.5387 41.4984 130.053 12.7 14 2795 1548 7
2022 9 23 7 19 11.3218 41.4324 130.065 15 5 1881 1392 5
2022 9 23 7 19 52.8692 41.1792 130.205 3.5 6 720 181 5
2022 9 23 7 43 45.2516 41.7782 129.994 5.9 6 487 18 3
2022 9 23 7 47 40.5445 41.8008 130.073 18.1 5 207 37 5
2022 9 23 7 51 46.9857 41.8008 130.145 3.9 6 222 22 5
2022 9 23 8 28 11.5726 41.7362 130.442 14.1 11 2732 1485 4
2022 9 23 9 4 28.6557 41.6771 130.868 8.3 6 158 57 4
2022 9 23 9 26 28.3438 42.1292 130.704 12.7 11 1198 1044 5
2022 9 23 9 39 25.598 42.3382 130.928 3.9 5 619 179 4
2022 9 23 9 48 1.12564 43.0619 131.742 10.6 6 682 223 4
2022 9 23 9 57 42.524 42.5391 131.004 17.2 10 956 322 6
2022 9 23 10 0 22.2444 42.6456 130.995 28.5 9 703 357 4
2022 9 23 10 1 14.5298 43.0078 131.811 12 6 190 69 4
2022 9 23 10 4 35.0974 42.2223 131.051 6.4 8 614 125 5
2022 9 23 10 15 55.9892 43.1803 131.818 12.1 5 169 53 4
2022 9 23 10 28 6.65817 42.6055 131.01 13.8 13 1827 806 7
2022 9 23 10 50 6.97988 42.9513 131.716 20.8 7 0 0 0
2022 9 23 10 51 1.62706 42.645 131.364 8.5 8 543 68 6
2022 9 23 10 52 37.1069 42.6088 131.498 5.4 5 448 12 5
2022 9 23 10 54 40.3495 42.6563 131.497 11.3 5 745 32 5
2022 9 23 10 56 40.7412 42.624 131.397 3.2 5 590 106 4
2022 9 23 10 58 44.3776 42.652 131.44 16.3 7 1285 320 5
2022 9 23 11 8 52.9954 42.8181 131.449 16.5 6 1383 120 6
2022 9 23 11 8 53.0436 42.7121 131.486 5.8 5 7933 3744 5
2022 9 23 11 21 2.37596 42.6822 131.84 8.3 6 473 152 5
2022 9 23 11 41 38.7226 43.177 131.818 7.1 7 434 224 6
2022 9 23 18 38 28.7044 45.974 138.362 1.6 5 828 0 1
2022 9 23 20 2 11.4967 46.0792 138.089 6 11 1948 1638 9
2022 9 23 20 4 33.3576 46.1779 138.202 4.7 5 32 11 4
2022 9 23 20 6 36.7518 45.9794 138.013 16.4 5 30312 28388 4
2022 9 26 14 59 44.0304 36.5561 132.864 20.7 5 665 37 3
2022 9 26 21 46 6.08527 50.6699 141.885 2.2 5 20 4 5
2022 9 29 22 13 20.6402 49.0088 141.544 6.1 6 14113 9265 6
2022 9 29 23 7 31.7753 49.0046 141.844 2.2 5 1288 784 4
